0.005 1.0346 1 1 1 1 1 0.859651 0.845154
0.015 1.03347 1 1 1 1 1 0.859181 0.845154
0.025 1.03396 1 1 1 1 1 0.859384 0.845154
0.035 1.03607 1 1 1 1 1 0.860261 0.845155
0.045 1.03983 1 1 1 1 1 0.861821 0.845155
0.055 1.04527 1.00001 1 1 1 1 0.864074 0.845157
0.065 1.05245 1.00002 1 1 1 1 0.867034 0.845161
0.075 1.06139 1.00004 1 1 1 1 0.870712 0.845171
0.085 1.07216 1.0001 1 1 1 1 0.875117 0.845195
0.095 1.08478 1.00022 1 1 1 1 0.88025 0.845249
0.105 1.09925 1.0005 1 1 1 1 0.886103 0.845365
0.115 1.11556 1.00106 1 1 1 1 0.892651 0.845604
0.125 1.13364 1.00219 1 1 1 1 0.899857 0.846078
0.135 1.1534 1.00432 1 1 1 1 0.907665 0.846977
0.145 1.17467 1.00819 1 1 1 1 0.915999 0.848608
0.155 1.19727 1.01492 1 1 1 1 0.924765 0.851436
0.165 1.22091 1.02612 1 1 1 1 0.933853 0.856121
0.175 1.2453 1.04394 1 1 1 1 0.943135 0.863521
0.185 1.27008 1.07101 1 1 1 1 0.952469 0.874645
0.195 1.29483 1.11025 1 1 1 1 0.961706 0.890526
0.205 1.31913 1.16447 1 1 1 1 0.970689 0.912013
0.215 1.34253 1.23575 1 1 1 1 0.979259 0.939508
0.225 1.36456 1.32465 1 1 1 1 0.987263 0.972718
0.235 1.38479 1.42956 1 1 1 1 0.994553 1.0105
0.245 1.40278 1.54607 1 1 1 1 1.00099 1.05088
0.255 1.41816 1.66698 1 1 1 1 1.00646 1.09119
0.265 1.43059 1.7827 1 1 1 1 1.01087 1.12843
0.275 1.43982 1.8825 1 1 1 1 1.01412 1.15959
0.285 1.44566 1.956 1 1 1 1 1.01618 1.18201
0.295 1.44803 1.99501 1 1 1 1 1.01701 1.19374
0.305 1.44691 1.99501 1 1 1 1 1.01661 1.19374
0.315 1.4424 1.956 1 1 1 1 1.01503 1.18201
0.325 1.43467 1.8825 1 1 1 1 1.01231 1.15959
0.335 1.42401 1.7827 1 1 1 1 1.00854 1.12843
0.345 1.41076 1.66698 1 1 1 1 1.00384 1.09119
0.355 1.39533 1.54607 1 1 1 1 0.998332 1.05088
0.365 1.37822 1.42956 1 1 1 1 0.99219 1.0105
0.375 1.35993 1.32465 1 1 1 1 0.985585 0.972718
0.385 1.34103 1.23575 1 1 1 1 0.978713 0.939508
0.395 1.3221 1.16447 1 1 1 1 0.971779 0.912013
0.405 1.3037 1.11025 1 1 1 1 0.964996 0.890526
0.415 1.28642 1.07101 1 1 1 1 0.958579 0.874645
0.425 1.2708 1.04394 1 1 1 1 0.952739 0.863521
0.435 1.25733 1.02612 1 1 1 1 0.947679 0.856121
0.445 1.2465 1.01492 1 1 1 1 0.943588 0.851436
0.455 1.2387 1.00819 1 1 1 1 0.940631 0.848608
0.465 1.23427 1.00432 1 1 1 1 0.938948 0.846977
0.475 1.23347 1.00219 1 1 1 1 0.938644 0.846078
0.485 1.23649 1.00106 1 1 1 1 0.939791 0.845604
0.495 1.24341 1.0005 1 1 1 1 0.942418 0.845365
0.505 1.25424 1.00022 1 1 1 1 0.946514 0.845249
0.515 1.2689 1.0001 1 1 1 1 0.952026 0.845195
0.525 1.28719 1.00004 1 1 1 1 0.958864 0.845171
0.535 1.30885 1.00002 1 1 1 1 0.966898 0.845161
0.545 1.33352 1.00001 1 1 1 1 0.97597 0.845157
0.555 1.36078 1 1 1 1 1 0.985892 0.845155
0.565 1.3901 1 1 1 1 1 0.996459 0.845155
0.575 1.42094 1 1 1 1 1 1.00745 0.845154
0.585 1.45268 1 1 1 1 1 1.01864 0.845154
0.595 1.48468 1 1 1 1 1 1.0298 0.845154
0.605 1.51627 2 1 1 1 1 1.0407 1.19523
0.615 1.54679 2 1 1 1 1 1.05112 1.19523
0.625 1.5756 2 1 1 1 1 1.06086 1.19523
0.635 1.60206 2 1 1 1 1 1.06973 1.19523
0.645 1.62562 2 1 1 1 1 1.07757 1.19523
0.655 1.64574 2 1 1 1 1 1.08422 1.19523
0.665 1.66199 2 1 1 1 1 1.08956 1.19523
0.675 1.67401 2 1 1 1 1 1.09349 1.19523
0.685 1.68151 2 1 1 1 1 1.09594 1.19523
0.695 1.68434 2 1 1 1 1 1.09686 1.19523
0.705 1.68241 2 1 1 1 1 1.09623 1.19523
0.715 1.67576 2 1 1 1 1 1.09406 1.19523
0.725 1.66451 2 1 1 1 1 1.09038 1.19523
0.735 1.64889 2 1 1 1 1 1.08526 1.19523
0.745 1.6292 2 1 1 1 1 1.07876 1.19523
0.755 1.60583 2 1 1 1 1 1.07099 1.19523
0.765 1.57923 2 1 1 1 1 1.06208 1.19523
0.775 1.54988 2 1 1 1 1 1.05217 1.19523
0.785 1.51833 2 1 1 1 1 1.04141 1.19523
0.795 1.48513 2 1 1 1 1 1.02995 1.19523
0.805 1.45082 1 1 1 1 1 1.01799 0.845154
0.815 1.41594 1 1 1 1 1 1.00568 0.845154
0.825 1.38101 1 1 1 1 1 0.993196 0.845154
0.835 1.34652 1 1 1 1 1 0.980713 0.845154
0.845 1.31288 1 1 1 1 1 0.968386 0.845154
0.855 1.28048 1 1 1 1 1 0.956363 0.845154
0.865 1.24963 1 1 1 1 1 0.944773 0.845154
0.875 1.2206 1 1 1 1 1 0.933732 0.845154
0.885 1.19356 1 1 1 1 1 0.923333 0.845154
0.895 1.16866 1 1 1 1 1 0.913652 0.845154
0.905 1.14599 1 1 1 1 1 0.904744 0.845154
0.915 1.12556 1 1 1 1 1 0.896644 0.845154
0.925 1.10737 1 1 1 1 1 0.889371 0.845154
0.935 1.09139 1 1 1 1 1 0.882929 0.845154
0.945 1.07754 1 1 1 1 1 0.87731 0.845154
0.955 1.06575 1 1 1 1 1 0.872495 0.845154
0.965 1.05592 1 1 1 1 1 0.868462 0.845154
0.975 1.04796 1 1 1 1 1 0.865185 0.845154
0.985 1.0418 1 1 1 1 1 0.862638 0.845154
0.995 1.03737 1 1 1 1 1 0.8608 0.845154
