0.005 1 1 0 0 1 1 0 0
0.015 1 1 0 0 1 1 0 0
0.025 1 1 1.50839e-16 0 1 1 1.27482e-16 0
0.035 1 1 1.40771e-15 0 1 1 1.18973e-15 0
0.045 1 1 1.05322e-14 0 1 1 8.90135e-15 0
0.055 1 1 6.70879e-14 0 1 1 5.66997e-14 0
0.065 1 1 4.15619e-13 0 1 1 3.51262e-13 0
0.075 1 1 2.46085e-12 0 1 1 2.0798e-12 0
0.085 1 1 1.38882e-11 0 1 1 1.17376e-11 0
0.095 1 1 7.47032e-11 0 1 1 6.31357e-11 0
0.105 1 1 3.82742e-10 0 1 1 3.23476e-10 0
0.115 1 1 1.86667e-09 0 1 1 1.57762e-09 0
0.125 1 1 8.65938e-09 0 1 1 7.31851e-09 0
0.135 1 1 3.81741e-08 0 1 1 3.2263e-08 0
0.145 1 1 1.59752e-07 0 1 1 1.35015e-07 0
0.155 1 1 6.33821e-07 0 0.999999 1 5.35677e-07 0
0.165 0.999998 1 2.38058e-06 0 0.999997 1 2.01196e-06 0
0.175 0.999994 1 8.4494e-06 0 0.999991 1 7.14106e-06 0
0.185 0.999979 1 2.82799e-05 0 0.99997 1 2.3901e-05 0
0.195 0.999932 1 8.90318e-05 0 0.999904 1 7.52467e-05 0
0.205 0.999798 1 0.000262859 0 0.999714 1 0.000222166 0
0.215 0.999436 1 0.000725235 0 0.999202 1 0.000613007 0
0.225 0.998536 1 0.00186238 0 0.997933 1 0.00157447 0
0.235 0.996479 1 0.00443245 0 0.995037 1 0.00374882 0
0.245 0.992189 1 0.00973883 0 0.989015 1 0.00824401 0
0.255 0.984073 1 0.0197035 0 0.97767 1 0.0167069 0
0.265 0.970191 1 0.0367178 0 0.958379 1 0.0312229 0
0.275 0.9486 1 0.0633921 0 0.928618 1 0.0541494 0
0.285 0.917305 1 0.102957 0 0.885898 1 0.0885433 0
0.295 0.880719 1 0.149477 0 0.836759 1 0.129607 0
0.305 0.848143 1 0.191967 0 0.793711 1 0.167713 0
0.315 0.819855 1 0.233117 0 0.756752 1 0.20507 0
0.325 0.790575 1 0.270985 0 0.719321 1 0.2401 0
0.335 0.764654 1 0.309518 0 0.686398 1 0.2761 0
0.345 0.740418 1 0.348374 0 0.655986 1 0.312805 0
0.355 0.714925 1 0.385517 0 0.62457 1 0.348593 0
0.365 0.690157 1 0.421464 0 0.594541 1 0.383778 0
0.375 0.667609 1 0.459751 0 0.567459 1 0.421457 0
0.385 0.646293 1 0.498941 0 0.542128 1 0.460415 0
0.395 0.623762 1 0.536623 0 0.515874 1 0.498704 0
0.405 0.600959 1 0.572276 0 0.489647 1 0.535824 0
0.415 0.579213 1 0.608998 0 0.465058 1 0.574404 0
0.425 0.559718 1 0.649109 0 0.443234 1 0.616484 0
0.435 0.541044 1 0.69052 0 0.422535 1 0.660385 0
0.445 0.52085 1 0.730099 0 0.400746 1 0.703459 0
0.455 0.499851 1 0.76717 0 0.378141 1 0.745454 0
0.465 0.47916 1 0.805029 0 0.356359 1 0.78894 0
0.475 0.459326 1 0.846796 0 0.33601 1 0.836757 0
0.485 0.441758 1 0.895511 0 0.31785 1 0.892252 0
0.495 0.424435 1 0.94165 0 0.301062 1 0.944937 0
0.505 0.412954 0.125 0.966321 0 0.289265 0.1 0.975799 0
0.515 0.42612 0.125 0.927881 0 0.302751 0.1 0.930361 0
0.525 0.424087 0.125 0.927078 0 0.300802 0.1 0.930336 0
0.535 0.424544 0.125 0.925988 0 0.301071 0.1 0.929326 0
0.545 0.426106 0.125 0.927146 0 0.302628 0.1 0.929797 0
0.555 0.428265 0.125 0.928336 0 0.305003 0.1 0.929705 0
0.565 0.428714 0.125 0.927785 0 0.305581 0.1 0.928762 0
0.575 0.42803 0.125 0.927294 0 0.305047 0.1 0.928341 0
0.585 0.425511 0.125 0.926136 0 0.302594 0.1 0.928188 0
0.595 0.4243 0.125 0.92665 0 0.30143 0.1 0.929169 0
0.605 0.424402 0.125 0.926989 0 0.301494 0.1 0.929523 0
0.615 0.425302 0.125 0.929016 0 0.302555 0.1 0.930906 0
0.625 0.425764 0.125 0.930621 0 0.303703 0.1 0.931256 0
0.635 0.424912 0.125 0.930087 0 0.304074 0.1 0.929222 0
0.645 0.421295 0.125 0.929458 0 0.303847 0.1 0.924978 0
0.655 0.414032 0.125 0.92776 0 0.302655 0.1 0.917096 0
0.665 0.402273 0.125 0.925859 0 0.301053 0.1 0.904523 0
0.675 0.384727 0.125 0.92575 0 0.300987 0.1 0.88457 0
0.685 0.354581 0.125 0.927145 0 0.30086 0.1 0.850665 0
0.695 0.308885 0.125 0.932299 0 0.302092 0.1 0.796747 0
0.705 0.28114 0.125 0.939815 0 0.306056 0.1 0.76127 0
0.715 0.268246 0.125 0.940642 0 0.306635 0.1 0.74356 0
0.725 0.261944 0.125 0.928366 0 0.302655 0.1 0.729937 0
0.735 0.259823 0.125 0.920961 0 0.300511 0.1 0.723746 0
0.745 0.259782 0.125 0.919659 0 0.300284 0.1 0.722938 0
0.755 0.26061 0.125 0.91939 0 0.300334 0.1 0.723817 0
0.765 0.262545 0.125 0.921802 0 0.301174 0.1 0.727389 0
0.775 0.265637 0.125 0.93291 0 0.304845 0.1 0.736004 0
0.785 0.267095 0.125 0.938965 0 0.306938 0.1 0.740275 0
0.795 0.267206 0.125 0.939784 0 0.306972 0.1 0.741034 0
0.805 0.267064 0.125 0.938824 0 0.306593 0.1 0.740538 0
0.815 0.266519 0.125 0.931258 0 0.305316 0.1 0.735352 0
0.825 0.263918 0.125 0.923686 0 0.300549 0.1 0.731538 0
0.835 0.263052 0.125 0.910402 0 0.298562 0.1 0.722225 0
0.845 0.253176 0.125 0.878711 0 0.283192 0.1 0.702187 0
0.855 0.189444 0.125 0.586196 0 0.188829 0.1 0.496232 0
0.865 0.132478 0.125 0.0878199 0 0.109284 0.1 0.0817188 0
0.875 0.125545 0.125 0.00646813 0 0.100636 0.1 0.00610573 0
0.885 0.125037 0.125 0.000439041 0 0.100043 0.1 0.000414827 0
0.895 0.125002 0.125 2.96311e-05 0 0.100003 0.1 2.79986e-05 0
0.905 0.125 0.125 1.96648e-06 0 0.1 0.1 1.85815e-06 0
0.915 0.125 0.125 1.29811e-07 0 0.1 0.1 1.2266e-07 0
0.925 0.125 0.125 8.4748e-09 0 0.1 0.1 8.00793e-09 0
0.935 0.125 0.125 5.4774e-10 0 0.1 0.1 5.17566e-10 0
0.945 0.125 0.125 3.50913e-11 0 0.1 0.1 3.31582e-11 0
0.955 0.125 0.125 2.23031e-12 0 0.1 0.1 2.10745e-12 0
0.965 0.125 0.125 1.41156e-13 0 0.1 0.1 1.3338e-13 0
0.975 0.125 0.125 8.8489e-15 0 0.1 0.1 8.36143e-15 0
0.985 0.125 0.125 6.03321e-16 0 0.1 0.1 5.70085e-16 0
0.995 0.125 0.125 1.00566e-16 0 0.1 0.1 9.50263e-17 0
