0.005 1 1 0 0 1 1 0 0
0.015 1 1 0 0 1 1 0 0
0.025 1 1 0 0 1 1 0 0
0.035 1 1 0 0 1 1 0 0
0.045 1 1 0 0 1 1 0 0
0.055 1 1 0 0 1 1 0 0
0.065 1 1 0 0 1 1 0 0
0.075 1 1 0 0 1 1 0 0
0.085 1 1 0 0 1 1 0 0
0.095 1 1 0 0 1 1 0 0
0.105 1 1 0 0 1 1 0 0
0.115 1 1 0 0 1 1 0 0
0.125 1 1 0 0 1 1 0 0
0.135 1 1 0 0 1 1 0 0
0.145 1 1 0 0 1 1 0 0
0.155 1 1 0 0 1 1 0 0
0.165 1 1 0 0 1 1 0 0
0.175 1 1 0 0 1 1 0 0
0.185 1 1 0 0 1 1 0 0
0.195 1 1 0 0 1 1 0 0
0.205 1 1 0 0 1 1 0 0
0.215 1 1 0 0 1 1 0 0
0.225 1 1 0 0 1 1 0 0
0.235 1 1 0 0 1 1 0 0
0.245 1 1 0 0 1 1 0 0
0.255 1 1 0 0 1 1 0 0
0.265 1 1 0 0 1 1 0 0
0.275 0.987343 1 0.0186515 0 0.981818 1 0.0158077 0
0.285 0.933059 1 0.0829194 0 0.907125 1 0.0710744 0
0.295 0.87992 1 0.149642 0 0.835792 1 0.129766 0
0.305 0.84071 1 0.202119 0 0.78397 1 0.176896 0
0.315 0.810312 1 0.24418 0 0.744366 1 0.215318 0
0.325 0.783618 1 0.282419 0 0.710137 1 0.250733 0
0.335 0.758169 1 0.319716 0 0.677991 1 0.28574 0
0.345 0.733307 1 0.356891 0 0.647014 1 0.321113 0
0.355 0.709053 1 0.394202 0 0.6172 1 0.357093 0
0.365 0.685428 1 0.431578 0 0.58855 1 0.393627 0
0.375 0.66245 1 0.468924 0 0.561058 1 0.430636 0
0.385 0.640137 1 0.506206 0 0.534723 1 0.468096 0
0.395 0.618472 1 0.543401 0 0.509505 1 0.505991 0
0.405 0.597415 1 0.580535 0 0.485341 1 0.544351 0
0.415 0.576904 1 0.61769 0 0.462143 1 0.583271 0
0.425 0.556849 1 0.655022 0 0.439786 1 0.622931 0
0.435 0.537137 1 0.692803 0 0.418129 1 0.663641 0
0.445 0.517627 1 0.731377 0 0.397006 1 0.705809 0
0.455 0.498167 1 0.771079 0 0.37625 1 0.749866 0
0.465 0.478614 1 0.812175 0 0.355728 1 0.796195 0
0.475 0.458997 1 0.854851 0 0.335451 1 0.845117 0
0.485 0.438986 1 0.899325 0 0.315214 1 0.896965 0
0.495 0.41981 1 0.945509 0 0.295842 1 0.951914 0
0.505 0.397592 0.125 0.997907 0 0.274247 0.1 1.01549 0
0.515 0.426137 0.125 0.927655 0 0.303486 0.1 0.929026 0
0.525 0.427078 0.125 0.925772 0 0.304503 0.1 0.926613 0
0.535 0.422134 0.125 0.937528 0 0.299781 0.1 0.94025 0
0.545 0.422215 0.125 0.937268 0 0.299481 0.1 0.94055 0
0.555 0.424042 0.125 0.933139 0 0.301203 0.1 0.935744 0
0.565 0.42603 0.125 0.929289 0 0.302706 0.1 0.931743 0
0.575 0.428226 0.125 0.929195 0 0.303757 0.1 0.93243 0
0.585 0.429889 0.125 0.928813 0 0.304104 0.1 0.933323 0
0.595 0.430135 0.125 0.928933 0 0.303874 0.1 0.934062 0
0.605 0.429496 0.125 0.930543 0 0.302486 0.1 0.937128 0
0.615 0.429407 0.125 0.929908 0 0.302023 0.1 0.937109 0
0.625 0.429985 0.125 0.927812 0 0.302641 0.1 0.934671 0
0.635 0.430159 0.125 0.927017 0 0.303437 0.1 0.932832 0
0.645 0.429217 0.125 0.927857 0 0.30322 0.1 0.932989 0
0.655 0.424326 0.125 0.928881 0 0.302676 0.1 0.929517 0
0.665 0.41085 0.125 0.928667 0 0.302188 0.1 0.915164 0
0.675 0.390275 0.125 0.925949 0 0.302314 0.1 0.889159 0
0.685 0.363176 0.125 0.921821 0 0.302906 0.1 0.853075 0
0.695 0.325597 0.125 0.924397 0 0.301959 0.1 0.811263 0
0.705 0.276671 0.125 0.924768 0 0.2991 0.1 0.751697 0
0.715 0.248366 0.125 0.922458 0 0.301038 0.1 0.708139 0
0.725 0.247199 0.125 0.922926 0 0.301476 0.1 0.706318 0
0.735 0.247755 0.125 0.925596 0 0.3023 0.1 0.70819 0
0.745 0.254464 0.125 0.937634 0 0.306601 0.1 0.72193 0
0.755 0.261542 0.125 0.940734 0 0.307095 0.1 0.733731 0
0.765 0.264759 0.125 0.931919 0 0.304129 0.1 0.734871 0
0.775 0.264718 0.125 0.91447 0 0.300242 0.1 0.725707 0
0.785 0.263826 0.125 0.909815 0 0.298741 0.1 0.722603 0
0.795 0.263209 0.125 0.911668 0 0.29854 0.1 0.723471 0
0.805 0.266716 0.125 0.92403 0 0.305573 0.1 0.729606 0
0.815 0.272228 0.125 0.947465 0 0.312162 0.1 0.747782 0
0.825 0.271299 0.125 0.954589 0 0.310321 0.1 0.754347 0
0.835 0.271985 0.125 0.949892 0 0.311395 0.1 0.750286 0
0.845 0.256998 0.125 0.914347 0 0.289383 0.1 0.728242 0
0.855 0.149816 0.125 0.307516 0 0.135257 0.1 0.273529 0
0.865 0.125 0.125 0 0 0.1 0.1 0 0
0.875 0.125 0.125 0 0 0.1 0.1 0 0
0.885 0.125 0.125 0 0 0.1 0.1 0 0
0.895 0.125 0.125 0 0 0.1 0.1 0 0
0.905 0.125 0.125 0 0 0.1 0.1 0 0
0.915 0.125 0.125 0 0 0.1 0.1 0 0
0.925 0.125 0.125 0 0 0.1 0.1 0 0
0.935 0.125 0.125 0 0 0.1 0.1 0 0
0.945 0.125 0.125 0 0 0.1 0.1 0 0
0.955 0.125 0.125 0 0 0.1 0.1 0 0
0.965 0.125 0.125 0 0 0.1 0.1 0 0
0.975 0.125 0.125 0 0 0.1 0.1 0 0
0.985 0.125 0.125 0 0 0.1 0.1 0 0
0.995 0.125 0.125 0 0 0.1 0.1 0 0
