0.005 1 1 0 0 1 1 0 0
0.015 1 1 0 0 1 1 0 0
0.025 1 1 0 0 1 1 0 0
0.035 1 1 0 0 1 1 0 0
0.045 1 1 0 0 1 1 0 0
0.055 1 1 0 0 1 1 0 0
0.065 1 1 0 0 1 1 0 0
0.075 1 1 0 0 1 1 0 0
0.085 1 1 0 0 1 1 0 0
0.095 1 1 0 0 1 1 0 0
0.105 1 1 0 0 1 1 0 0
0.115 1 1 0 0 1 1 0 0
0.125 1 1 0 0 1 1 0 0
0.135 1 1 0 0 1 1 0 0
0.145 1 1 0 0 1 1 0 0
0.155 1 1 0 0 1 1 0 0
0.165 1 1 0 0 1 1 0 0
0.175 1 1 0 0 1 1 0 0
0.185 1 1 0 0 1 1 0 0
0.195 1 1 0 0 1 1 0 0
0.205 1 1 0 0 1 1 0 0
0.215 1 1 0 0 1 1 0 0
0.225 1 1 0 0 1 1 0 0
0.235 1 1 0 0 1 1 0 0
0.245 1 1 0 0 1 1 0 0
0.255 1 1 0 0 1 1 0 0
0.265 1 1 0 0 1 1 0 0
0.275 1 1 0 0 1 1 0 0
0.285 0.998925 1 0.00195834 0 0.998553 1 0.00165541 0
0.295 0.939877 1 0.0783623 0 0.91827 1 0.0670029 0
0.305 0.845825 1 0.198255 0 0.790577 1 0.173312 0
0.315 0.792532 1 0.269475 0 0.721166 1 0.238751 0
0.325 0.765723 1 0.309142 0 0.687052 1 0.275826 0
0.335 0.742918 1 0.343012 0 0.658535 1 0.307912 0
0.345 0.719672 1 0.378317 0 0.629794 1 0.341791 0
0.355 0.696095 1 0.415856 0 0.600993 1 0.378249 0
0.365 0.672477 1 0.453849 0 0.572559 1 0.415697 0
0.375 0.64921 1 0.4919 0 0.544972 1 0.453752 0
0.385 0.626571 1 0.53025 0 0.518515 1 0.49263 0
0.395 0.604583 1 0.568634 0 0.493167 1 0.532108 0
0.405 0.583207 1 0.606991 0 0.468861 1 0.572148 0
0.415 0.562464 1 0.645414 0 0.445615 1 0.612832 0
0.425 0.542335 1 0.683922 0 0.4234 1 0.654185 0
0.435 0.522772 1 0.722535 0 0.402142 1 0.696243 0
0.445 0.503716 1 0.761163 0 0.381743 1 0.738961 0
0.455 0.485124 1 0.799721 0 0.362127 1 0.782295 0
0.465 0.466978 1 0.838304 0 0.343258 1 0.826372 0
0.475 0.449634 1 0.877065 0 0.32549 1 0.871221 0
0.485 0.432322 1 0.914582 0 0.308025 1 0.915734 0
0.495 0.423187 1 0.945309 0 0.298897 1 0.950638 0
0.505 0.42016 0.125 0.944527 0 0.29597 0.1 0.951117 0
0.515 0.434421 0.125 0.911438 0 0.309928 0.1 0.911986 0
0.525 0.424269 0.125 0.934301 0 0.299868 0.1 0.939244 0
0.535 0.426178 0.125 0.93003 0 0.301683 0.1 0.934228 0
0.545 0.424915 0.125 0.932996 0 0.300382 0.1 0.937842 0
0.555 0.425586 0.125 0.931565 0 0.300998 0.1 0.936183 0
0.565 0.425981 0.125 0.930842 0 0.301347 0.1 0.93535 0
0.575 0.426194 0.125 0.93084 0 0.301517 0.1 0.935316 0
0.585 0.427062 0.125 0.929663 0 0.302258 0.1 0.933938 0
0.595 0.427525 0.125 0.928996 0 0.302583 0.1 0.933271 0
0.605 0.427811 0.125 0.928385 0 0.302789 0.1 0.932653 0
0.615 0.428037 0.125 0.928058 0 0.302887 0.1 0.932421 0
0.625 0.428859 0.125 0.928138 0 0.302973 0.1 0.933262 0
0.635 0.430428 0.125 0.928259 0 0.303088 0.1 0.934912 0
0.645 0.431024 0.125 0.928312 0 0.303083 0.1 0.93562 0
0.655 0.430981 0.125 0.928221 0 0.303099 0.1 0.935457 0
0.665 0.430187 0.125 0.928019 0 0.303103 0.1 0.934386 0
0.675 0.424116 0.125 0.928049 0 0.303083 0.1 0.92783 0
0.685 0.385487 0.125 0.927827 0 0.303288 0.1 0.884057 0
0.695 0.298368 0.125 0.926263 0 0.304056 0.1 0.775478 0
0.705 0.250401 0.125 0.928135 0 0.303282 0.1 0.712758 0
0.715 0.250561 0.125 0.927413 0 0.303524 0.1 0.712146 0
0.725 0.252008 0.125 0.92806 0 0.303284 0.1 0.714981 0
0.735 0.257379 0.125 0.927749 0 0.303382 0.1 0.722201 0
0.745 0.26449 0.125 0.927491 0 0.303581 0.1 0.731666 0
0.755 0.265938 0.125 0.928034 0 0.303402 0.1 0.734313 0
0.765 0.266343 0.125 0.927222 0 0.303798 0.1 0.733749 0
0.775 0.265727 0.125 0.929351 0 0.303047 0.1 0.735494 0
0.785 0.265867 0.125 0.928369 0 0.303336 0.1 0.734559 0
0.795 0.266118 0.125 0.928131 0 0.303706 0.1 0.73427 0
0.805 0.265466 0.125 0.931157 0 0.302752 0.1 0.736919 0
0.815 0.267138 0.125 0.926582 0 0.305415 0.1 0.732391 0
0.825 0.265795 0.125 0.936816 0 0.303447 0.1 0.741006 0
0.835 0.268511 0.125 0.932301 0 0.307842 0.1 0.735883 0
0.845 0.259142 0.125 0.917279 0 0.292125 0.1 0.730168 0
0.855 0.165381 0.125 0.443402 0 0.153596 0.1 0.388855 0
0.865 0.125 0.125 0 0 0.1 0.1 0 0
0.875 0.125 0.125 0 0 0.1 0.1 0 0
0.885 0.125 0.125 0 0 0.1 0.1 0 0
0.895 0.125 0.125 0 0 0.1 0.1 0 0
0.905 0.125 0.125 0 0 0.1 0.1 0 0
0.915 0.125 0.125 0 0 0.1 0.1 0 0
0.925 0.125 0.125 0 0 0.1 0.1 0 0
0.935 0.125 0.125 0 0 0.1 0.1 0 0
0.945 0.125 0.125 0 0 0.1 0.1 0 0
0.955 0.125 0.125 0 0 0.1 0.1 0 0
0.965 0.125 0.125 0 0 0.1 0.1 0 0
0.975 0.125 0.125 0 0 0.1 0.1 0 0
0.985 0.125 0.125 0 0 0.1 0.1 0 0
0.995 0.125 0.125 0 0 0.1 0.1 0 0
