0.005 1 1 0 0 1 1 0 0
0.015 1 1 0 0 1 1 0 0
0.025 1 1 0 0 1 1 0 0
0.035 1 1 0 0 1 1 0 0
0.045 1 1 0 0 1 1 0 0
0.055 1 1 0 0 1 1 0 0
0.065 1 1 0 0 1 1 0 0
0.075 1 1 0 0 1 1 0 0
0.085 1 1 0 0 1 1 0 0
0.095 1 1 0 0 1 1 0 0
0.105 1 1 0 0 1 1 0 0
0.115 1 1 0 0 1 1 0 0
0.125 1 1 0 0 1 1 0 0
0.135 1 1 0 0 1 1 0 0
0.145 1 1 0 0 1 1 0 0
0.155 1 1 0 0 1 1 0 0
0.165 1 1 0 0 1 1 0 0
0.175 1 1 0 0 1 1 0 0
0.185 1 1 0 0 1 1 0 0
0.195 1 1 0 0 1 1 0 0
0.205 1 1 0 0 1 1 0 0
0.215 1 1 0 0 1 1 0 0
0.225 1 1 0 0 1 1 0 0
0.235 1 1 0 0 1 1 0 0
0.245 1 1 0 0 1 1 0 0
0.255 0.998575 1 0.00207065 0 0.998072 1 0.00175046 0
0.265 0.980266 1 0.0240679 0 0.972747 1 0.0204195 0
0.275 0.950175 1 0.0604445 0 0.931056 1 0.0516068 0
0.285 0.918649 1 0.0996498 0 0.88806 1 0.0856576 0
0.295 0.887646 1 0.139442 0 0.846385 1 0.120688 0
0.305 0.85733 1 0.179468 0 0.806196 1 0.156415 0
0.315 0.827718 1 0.219666 0 0.767484 1 0.192799 0
0.325 0.798841 1 0.259989 0 0.730262 1 0.229817 0
0.335 0.770722 1 0.300386 0 0.694539 1 0.267434 0
0.345 0.743364 1 0.340837 0 0.660272 1 0.305648 0
0.355 0.716766 1 0.381322 0 0.627435 1 0.344455 0
0.365 0.690916 1 0.421837 0 0.595987 1 0.383862 0
0.375 0.665805 1 0.462378 0 0.565888 1 0.423878 0
0.385 0.641422 1 0.502939 0 0.537094 1 0.464514 0
0.395 0.617754 1 0.543517 0 0.509557 1 0.505778 0
0.405 0.59478 1 0.584108 0 0.483228 1 0.547686 0
0.415 0.572482 1 0.624713 0 0.45806 1 0.59025 0
0.425 0.550841 1 0.665342 0 0.434005 1 0.6335 0
0.435 0.529836 1 0.706015 0 0.411018 1 0.67747 0
0.445 0.509445 1 0.746757 0 0.389049 1 0.722208 0
0.455 0.489648 1 0.787599 0 0.368053 1 0.767765 0
0.465 0.470432 1 0.828512 0 0.347993 1 0.814138 0
0.475 0.451996 1 0.869272 0 0.329051 1 0.861047 0
0.485 0.434393 1 0.908257 0 0.311244 1 0.90685 0
0.495 0.422945 1 0.940826 0 0.299819 1 0.944405 0
0.505 0.41867 0.125 0.944297 0 0.295656 0.1 0.949701 0
0.515 0.42989 0.125 0.918843 0 0.306693 0.1 0.9194 0
0.525 0.422022 0.125 0.936662 0 0.298945 0.1 0.940569 0
0.535 0.426393 0.125 0.926866 0 0.303257 0.1 0.928865 0
0.545 0.424769 0.125 0.930723 0 0.301663 0.1 0.933408 0
0.555 0.425886 0.125 0.928388 0 0.302763 0.1 0.930595 0
0.565 0.425347 0.125 0.929784 0 0.302217 0.1 0.932245 0
0.575 0.425757 0.125 0.928831 0 0.302648 0.1 0.931075 0
0.585 0.425923 0.125 0.928691 0 0.30275 0.1 0.930959 0
0.595 0.426213 0.125 0.928191 0 0.302995 0.1 0.930399 0
0.605 0.426462 0.125 0.928082 0 0.303047 0.1 0.930481 0
0.615 0.427005 0.125 0.927746 0 0.30321 0.1 0.930487 0
0.625 0.427269 0.125 0.927797 0 0.303199 0.1 0.93084 0
0.635 0.427257 0.125 0.927645 0 0.303281 0.1 0.93055 0
0.645 0.426771 0.125 0.927785 0 0.303238 0.1 0.930227 0
0.655 0.424375 0.125 0.927767 0 0.303265 0.1 0.927553 0
0.665 0.414621 0.125 0.927823 0 0.303263 0.1 0.91689 0
0.675 0.390277 0.125 0.927822 0 0.30328 0.1 0.889539 0
0.685 0.351678 0.125 0.927812 0 0.303315 0.1 0.844349 0
0.695 0.306675 0.125 0.927813 0 0.30344 0.1 0.788314 0
0.705 0.269978 0.125 0.92746 0 0.303518 0.1 0.73927 0
0.715 0.260305 0.125 0.928017 0 0.303307 0.1 0.726595 0
0.725 0.260571 0.125 0.928148 0 0.303309 0.1 0.727065 0
0.735 0.261728 0.125 0.928265 0 0.303318 0.1 0.728759 0
0.745 0.264006 0.125 0.928208 0 0.303436 0.1 0.731736 0
0.755 0.265276 0.125 0.928767 0 0.303274 0.1 0.734132 0
0.765 0.266153 0.125 0.927969 0 0.303697 0.1 0.7342 0
0.775 0.265783 0.125 0.92952 0 0.303163 0.1 0.735564 0
0.785 0.266332 0.125 0.927637 0 0.304048 0.1 0.733761 0
0.795 0.265574 0.125 0.930603 0 0.302984 0.1 0.736349 0
0.805 0.266538 0.125 0.927012 0 0.304574 0.1 0.732917 0
0.815 0.265337 0.125 0.932287 0 0.302788 0.1 0.73759 0
0.825 0.266485 0.125 0.926449 0 0.30468 0.1 0.732271 0
0.835 0.26296 0.125 0.917587 0 0.299152 0.1 0.72708 0
0.845 0.243023 0.125 0.817574 0 0.267908 0.1 0.658103 0
0.855 0.178607 0.125 0.464556 0 0.171293 0.1 0.400916 0
0.865 0.130335 0.125 0.0623385 0 0.106187 0.1 0.0583695 0
0.875 0.125 0.125 0 0 0.1 0.1 0 0
0.885 0.125 0.125 0 0 0.1 0.1 0 0
0.895 0.125 0.125 0 0 0.1 0.1 0 0
0.905 0.125 0.125 0 0 0.1 0.1 0 0
0.915 0.125 0.125 0 0 0.1 0.1 0 0
0.925 0.125 0.125 0 0 0.1 0.1 0 0
0.935 0.125 0.125 0 0 0.1 0.1 0 0
0.945 0.125 0.125 0 0 0.1 0.1 0 0
0.955 0.125 0.125 0 0 0.1 0.1 0 0
0.965 0.125 0.125 0 0 0.1 0.1 0 0
0.975 0.125 0.125 0 0 0.1 0.1 0 0
0.985 0.125 0.125 0 0 0.1 0.1 0 0
0.995 0.125 0.125 0 0 0.1 0.1 0 0
