0 0 1 1 1.18322
0.001 0 1 1 1.18322
0.002 0 1 1 1.18322
0.003 0 1 1 1.18322
0.004 0 1 1 1.18322
0.005 0 1 1 1.18322
0.006 0 1 1 1.18322
0.007 0 1 1 1.18322
0.008 0 1 1 1.18322
0.009 0 1 1 1.18322
0.01 0 1 1 1.18322
0.011 0 1 1 1.18322
0.012 0 1 1 1.18322
0.013 0 1 1 1.18322
0.014 0 1 1 1.18322
0.015 0 1 1 1.18322
0.016 0 1 1 1.18322
0.017 0 1 1 1.18322
0.018 0 1 1 1.18322
0.019 0 1 1 1.18322
0.02 0 1 1 1.18322
0.021 0 1 1 1.18322
0.022 0 1 1 1.18322
0.023 0 1 1 1.18322
0.024 0 1 1 1.18322
0.025 0 1 1 1.18322
0.026 0 1 1 1.18322
0.027 0 1 1 1.18322
0.028 0 1 1 1.18322
0.029 0 1 1 1.18322
0.03 0 1 1 1.18322
0.031 0 1 1 1.18322
0.032 0 1 1 1.18322
0.033 0 1 1 1.18322
0.034 0 1 1 1.18322
0.035 0 1 1 1.18322
0.036 0 1 1 1.18322
0.037 0 1 1 1.18322
0.038 0 1 1 1.18322
0.039 0 1 1 1.18322
0.04 0 1 1 1.18322
0.041 0 1 1 1.18322
0.042 0 1 1 1.18322
0.043 0 1 1 1.18322
0.044 0 1 1 1.18322
0.045 0 1 1 1.18322
0.046 0 1 1 1.18322
0.047 0 1 1 1.18322
0.048 0 1 1 1.18322
0.049 0 1 1 1.18322
0.05 0 1 1 1.18322
0.051 0 1 1 1.18322
0.052 0 1 1 1.18322
0.053 0 1 1 1.18322
0.054 0 1 1 1.18322
0.055 0 1 1 1.18322
0.056 0 1 1 1.18322
0.057 0 1 1 1.18322
0.058 0 1 1 1.18322
0.059 0 1 1 1.18322
0.06 0 1 1 1.18322
0.061 0 1 1 1.18322
0.062 0 1 1 1.18322
0.063 0 1 1 1.18322
0.064 0 1 1 1.18322
0.065 0 1 1 1.18322
0.066 0 1 1 1.18322
0.067 0 1 1 1.18322
0.068 0 1 1 1.18322
0.069 0 1 1 1.18322
0.07 0 1 1 1.18322
0.071 0 1 1 1.18322
0.072 0 1 1 1.18322
0.073 0 1 1 1.18322
0.074 0 1 1 1.18322
0.075 0 1 1 1.18322
0.076 0 1 1 1.18322
0.077 0 1 1 1.18322
0.078 0 1 1 1.18322
0.079 0 1 1 1.18322
0.08 0 1 1 1.18322
0.081 0 1 1 1.18322
0.082 0 1 1 1.18322
0.083 0 1 1 1.18322
0.084 0 1 1 1.18322
0.085 0 1 1 1.18322
0.086 0 1 1 1.18322
0.087 0 1 1 1.18322
0.088 0 1 1 1.18322
0.089 0 1 1 1.18322
0.09 0 1 1 1.18322
0.091 0 1 1 1.18322
0.092 0 1 1 1.18322
0.093 0 1 1 1.18322
0.094 0 1 1 1.18322
0.095 0 1 1 1.18322
0.096 0 1 1 1.18322
0.097 0 1 1 1.18322
0.098 0 1 1 1.18322
0.099 0 1 1 1.18322
0.1 0 1 1 1.18322
0.101 0 1 1 1.18322
0.102 0 1 1 1.18322
0.103 0 1 1 1.18322
0.104 0 1 1 1.18322
0.105 0 1 1 1.18322
0.106 0 1 1 1.18322
0.107 0 1 1 1.18322
0.108 0 1 1 1.18322
0.109 0 1 1 1.18322
0.11 0 1 1 1.18322
0.111 0 1 1 1.18322
0.112 0 1 1 1.18322
0.113 0 1 1 1.18322
0.114 0 1 1 1.18322
0.115 0 1 1 1.18322
0.116 0 1 1 1.18322
0.117 0 1 1 1.18322
0.118 0 1 1 1.18322
0.119 0 1 1 1.18322
0.12 0 1 1 1.18322
0.121 0 1 1 1.18322
0.122 0 1 1 1.18322
0.123 0 1 1 1.18322
0.124 0 1 1 1.18322
0.125 0 1 1 1.18322
0.126 0 1 1 1.18322
0.127 0 1 1 1.18322
0.128 0 1 1 1.18322
0.129 0 1 1 1.18322
0.13 0 1 1 1.18322
0.131 0 1 1 1.18322
0.132 0 1 1 1.18322
0.133 0 1 1 1.18322
0.134 0 1 1 1.18322
0.135 0 1 1 1.18322
0.136 0 1 1 1.18322
0.137 0 1 1 1.18322
0.138 0 1 1 1.18322
0.139 0 1 1 1.18322
0.14 0 1 1 1.18322
0.141 0 1 1 1.18322
0.142 0 1 1 1.18322
0.143 0 1 1 1.18322
0.144 0 1 1 1.18322
0.145 0 1 1 1.18322
0.146 0 1 1 1.18322
0.147 0 1 1 1.18322
0.148 0 1 1 1.18322
0.149 0 1 1 1.18322
0.15 0 1 1 1.18322
0.151 0 1 1 1.18322
0.152 0 1 1 1.18322
0.153 0 1 1 1.18322
0.154 0 1 1 1.18322
0.155 0 1 1 1.18322
0.156 0 1 1 1.18322
0.157 0 1 1 1.18322
0.158 0 1 1 1.18322
0.159 0 1 1 1.18322
0.16 0 1 1 1.18322
0.161 0 1 1 1.18322
0.162 0 1 1 1.18322
0.163 0 1 1 1.18322
0.164 0 1 1 1.18322
0.165 0 1 1 1.18322
0.166 0 1 1 1.18322
0.167 0 1 1 1.18322
0.168 0 1 1 1.18322
0.169 0 1 1 1.18322
0.17 0 1 1 1.18322
0.171 0 1 1 1.18322
0.172 0 1 1 1.18322
0.173 0 1 1 1.18322
0.174 0 1 1 1.18322
0.175 0 1 1 1.18322
0.176 0 1 1 1.18322
0.177 0 1 1 1.18322
0.178 0 1 1 1.18322
0.179 0 1 1 1.18322
0.18 0 1 1 1.18322
0.181 0 1 1 1.18322
0.182 0 1 1 1.18322
0.183 0 1 1 1.18322
0.184 0 1 1 1.18322
0.185 0 1 1 1.18322
0.186 0 1 1 1.18322
0.187 0 1 1 1.18322
0.188 0 1 1 1.18322
0.189 0 1 1 1.18322
0.19 0 1 1 1.18322
0.191 0 1 1 1.18322
0.192 0 1 1 1.18322
0.193 0 1 1 1.18322
0.194 0 1 1 1.18322
0.195 0 1 1 1.18322
0.196 0 1 1 1.18322
0.197 0 1 1 1.18322
0.198 0 1 1 1.18322
0.199 0 1 1 1.18322
0.2 0 1 1 1.18322
0.201 0 1 1 1.18322
0.202 0 1 1 1.18322
0.203 0 1 1 1.18322
0.204 0 1 1 1.18322
0.205 0 1 1 1.18322
0.206 0 1 1 1.18322
0.207 0 1 1 1.18322
0.208 0 1 1 1.18322
0.209 0 1 1 1.18322
0.21 0 1 1 1.18322
0.211 0 1 1 1.18322
0.212 0 1 1 1.18322
0.213 0 1 1 1.18322
0.214 0 1 1 1.18322
0.215 0 1 1 1.18322
0.216 0 1 1 1.18322
0.217 0 1 1 1.18322
0.218 0 1 1 1.18322
0.219 0 1 1 1.18322
0.22 0 1 1 1.18322
0.221 0 1 1 1.18322
0.222 0 1 1 1.18322
0.223 0 1 1 1.18322
0.224 0 1 1 1.18322
0.225 0 1 1 1.18322
0.226 0 1 1 1.18322
0.227 0 1 1 1.18322
0.228 0 1 1 1.18322
0.229 0 1 1 1.18322
0.23 0 1 1 1.18322
0.231 0 1 1 1.18322
0.232 0 1 1 1.18322
0.233 0 1 1 1.18322
0.234 0 1 1 1.18322
0.235 0 1 1 1.18322
0.236 0 1 1 1.18322
0.237 0 1 1 1.18322
0.238 0 1 1 1.18322
0.239 0 1 1 1.18322
0.24 0 1 1 1.18322
0.241 0 1 1 1.18322
0.242 0 1 1 1.18322
0.243 0 1 1 1.18322
0.244 0 1 1 1.18322
0.245 0 1 1 1.18322
0.246 0 1 1 1.18322
0.247 0 1 1 1.18322
0.248 0 1 1 1.18322
0.249 0 1 1 1.18322
0.25 0 1 1 1.18322
0.251 0 1 1 1.18322
0.252 0 1 1 1.18322
0.253 0 1 1 1.18322
0.254 0 1 1 1.18322
0.255 0 1 1 1.18322
0.256 0 1 1 1.18322
0.257 0 1 1 1.18322
0.258 0 1 1 1.18322
0.259 0 1 1 1.18322
0.26 0 1 1 1.18322
0.261 0 1 1 1.18322
0.262 0 1 1 1.18322
0.263 0 1 1 1.18322
0.264 0.00267996 0.997737 0.996833 1.18268
0.265 0.00684663 0.994227 0.991927 1.18185
0.266 0.0110133 0.990727 0.987041 1.18101
0.267 0.01518 0.987236 0.982176 1.18018
0.268 0.0193466 0.983756 0.977332 1.17935
0.269 0.0235133 0.980285 0.972508 1.17851
0.27 0.02768 0.976824 0.967705 1.17768
0.271 0.0318466 0.973373 0.962922 1.17685
0.272 0.0360133 0.969932 0.958159 1.17601
0.273 0.04018 0.9665 0.953416 1.17518
0.274 0.0443466 0.963078 0.948694 1.17435
0.275 0.0485133 0.959666 0.943991 1.17351
0.276 0.05268 0.956263 0.939309 1.17268
0.277 0.0568466 0.95287 0.934646 1.17185
0.278 0.0610133 0.949487 0.930004 1.17101
0.279 0.06518 0.946113 0.925381 1.17018
0.28 0.0693466 0.942749 0.920778 1.16935
0.281 0.0735133 0.939395 0.916194 1.16851
0.282 0.07768 0.93605 0.91163 1.16768
0.283 0.0818466 0.932715 0.907086 1.16685
0.284 0.0860133 0.929389 0.902561 1.16601
0.285 0.09018 0.926072 0.898055 1.16518
0.286 0.0943466 0.922766 0.893569 1.16435
0.287 0.0985133 0.919468 0.889101 1.16351
0.288 0.10268 0.91618 0.884653 1.16268
0.289 0.106847 0.912902 0.880225 1.16185
0.29 0.111013 0.909632 0.875815 1.16101
0.291 0.11518 0.906372 0.871424 1.16018
0.292 0.119347 0.903122 0.867052 1.15935
0.293 0.123513 0.899881 0.862698 1.15851
0.294 0.12768 0.896649 0.858364 1.15768
0.295 0.131847 0.893427 0.854048 1.15685
0.296 0.136013 0.890213 0.849751 1.15601
0.297 0.14018 0.887009 0.845472 1.15518
0.298 0.144347 0.883814 0.841212 1.15435
0.299 0.148513 0.880629 0.83697 1.15351
0.3 0.15268 0.877453 0.832747 1.15268
0.301 0.156847 0.874285 0.828542 1.15185
0.302 0.161013 0.871127 0.824355 1.15101
0.303 0.16518 0.867978 0.820186 1.15018
0.304 0.169347 0.864839 0.816036 1.14935
0.305 0.173513 0.861708 0.811903 1.14851
0.306 0.17768 0.858586 0.807788 1.14768
0.307 0.181847 0.855474 0.803691 1.14685
0.308 0.186013 0.85237 0.799612 1.14601
0.309 0.19018 0.849276 0.795551 1.14518
0.31 0.194347 0.84619 0.791508 1.14435
0.311 0.198513 0.843113 0.787482 1.14351
0.312 0.20268 0.840046 0.783473 1.14268
0.313 0.206847 0.836987 0.779482 1.14185
0.314 0.211013 0.833937 0.775509 1.14101
0.315 0.21518 0.830897 0.771553 1.14018
0.316 0.219347 0.827865 0.767614 1.13935
0.317 0.223513 0.824841 0.763693 1.13851
0.318 0.22768 0.821827 0.759788 1.13768
0.319 0.231847 0.818822 0.755901 1.13685
0.32 0.236013 0.815825 0.752031 1.13601
0.321 0.24018 0.812837 0.748178 1.13518
0.322 0.244347 0.809858 0.744342 1.13435
0.323 0.248513 0.806888 0.740522 1.13351
0.324 0.25268 0.803926 0.73672 1.13268
0.325 0.256847 0.800973 0.732934 1.13185
0.326 0.261013 0.798029 0.729165 1.13101
0.327 0.26518 0.795093 0.725413 1.13018
0.328 0.269347 0.792166 0.721677 1.12935
0.329 0.273513 0.789248 0.717957 1.12851
0.33 0.27768 0.786338 0.714254 1.12768
0.331 0.281847 0.783437 0.710568 1.12685
0.332 0.286013 0.780544 0.706898 1.12601
0.333 0.29018 0.77766 0.703244 1.12518
0.334 0.294347 0.774785 0.699606 1.12435
0.335 0.298513 0.771918 0.695984 1.12351
0.336 0.30268 0.769059 0.692379 1.12268
0.337 0.306847 0.766209 0.688789 1.12185
0.338 0.311013 0.763368 0.685216 1.12101
0.339 0.31518 0.760534 0.681658 1.12018
0.34 0.319347 0.75771 0.678116 1.11935
0.341 0.323513 0.754893 0.67459 1.11851
0.342 0.32768 0.752086 0.67108 1.11768
0.343 0.331847 0.749286 0.667585 1.11685
0.344 0.336013 0.746495 0.664106 1.11601
0.345 0.34018 0.743712 0.660643 1.11518
0.346 0.344347 0.740937 0.657195 1.11435
0.347 0.348513 0.738171 0.653762 1.11351
0.348 0.35268 0.735413 0.650345 1.11268
0.349 0.356847 0.732663 0.646943 1.11185
0.35 0.361013 0.729922 0.643556 1.11101
0.351 0.36518 0.727188 0.640185 1.11018
0.352 0.369347 0.724463 0.636829 1.10935
0.353 0.373513 0.721746 0.633488 1.10851
0.354 0.37768 0.719037 0.630162 1.10768
0.355 0.381847 0.716337 0.626851 1.10685
0.356 0.386013 0.713644 0.623554 1.10601
0.357 0.39018 0.71096 0.620273 1.10518
0.358 0.394347 0.708283 0.617007 1.10435
0.359 0.398513 0.705615 0.613755 1.10351
0.36 0.40268 0.702955 0.610518 1.10268
0.361 0.406847 0.700302 0.607295 1.10185
0.362 0.411013 0.697658 0.604087 1.10101
0.363 0.41518 0.695022 0.600894 1.10018
0.364 0.419347 0.692394 0.597715 1.09935
0.365 0.423513 0.689773 0.594551 1.09851
0.366 0.42768 0.687161 0.591401 1.09768
0.367 0.431847 0.684557 0.588265 1.09685
0.368 0.436013 0.68196 0.585144 1.09601
0.369 0.44018 0.679372 0.582037 1.09518
0.37 0.444347 0.676791 0.578944 1.09435
0.371 0.448513 0.674218 0.575865 1.09351
0.372 0.45268 0.671653 0.5728 1.09268
0.373 0.456847 0.669095 0.569749 1.09185
0.374 0.461013 0.666546 0.566712 1.09101
0.375 0.46518 0.664004 0.563689 1.09018
0.376 0.469347 0.66147 0.560679 1.08935
0.377 0.473513 0.658944 0.557684 1.08851
0.378 0.47768 0.656426 0.554702 1.08768
0.379 0.481847 0.653915 0.551734 1.08685
0.38 0.486013 0.651412 0.548779 1.08601
0.381 0.49018 0.648916 0.545839 1.08518
0.382 0.494347 0.646429 0.542911 1.08435
0.383 0.498513 0.643949 0.539997 1.08351
0.384 0.50268 0.641476 0.537097 1.08268
0.385 0.506847 0.639011 0.53421 1.08185
0.386 0.511013 0.636554 0.531336 1.08101
0.387 0.51518 0.634104 0.528475 1.08018
0.388 0.519347 0.631662 0.525628 1.07935
0.389 0.523513 0.629227 0.522794 1.07851
0.39 0.52768 0.6268 0.519973 1.07768
0.391 0.531847 0.62438 0.517165 1.07685
0.392 0.536013 0.621968 0.51437 1.07601
0.393 0.54018 0.619563 0.511588 1.07518
0.394 0.544347 0.617166 0.508818 1.07435
0.395 0.548513 0.614776 0.506062 1.07351
0.396 0.55268 0.612394 0.503319 1.07268
0.397 0.556847 0.610019 0.500588 1.07185
0.398 0.561013 0.607651 0.49787 1.07101
0.399 0.56518 0.605291 0.495165 1.07018
0.4 0.569347 0.602938 0.492472 1.06935
0.401 0.573513 0.600592 0.489792 1.06851
0.402 0.57768 0.598254 0.487124 1.06768
0.403 0.581847 0.595923 0.484469 1.06685
0.404 0.586013 0.593599 0.481826 1.06601
0.405 0.59018 0.591282 0.479196 1.06518
0.406 0.594347 0.588973 0.476577 1.06435
0.407 0.598513 0.586671 0.473972 1.06351
0.408 0.60268 0.584376 0.471378 1.06268
0.409 0.606847 0.582088 0.468797 1.06185
0.41 0.611013 0.579808 0.466227 1.06101
0.411 0.61518 0.577534 0.46367 1.06018
0.412 0.619347 0.575268 0.461125 1.05935
0.413 0.623513 0.573009 0.458592 1.05851
0.414 0.62768 0.570757 0.45607 1.05768
0.415 0.631847 0.568512 0.453561 1.05685
0.416 0.636013 0.566274 0.451063 1.05601
0.417 0.64018 0.564043 0.448578 1.05518
0.418 0.644347 0.56182 0.446104 1.05435
0.419 0.648513 0.559603 0.443641 1.05351
0.42 0.65268 0.557393 0.441191 1.05268
0.421 0.656847 0.55519 0.438752 1.05185
0.422 0.661013 0.552995 0.436324 1.05101
0.423 0.66518 0.550806 0.433908 1.05018
0.424 0.669347 0.548624 0.431504 1.04935
0.425 0.673513 0.546449 0.429111 1.04851
0.426 0.67768 0.544281 0.426729 1.04768
0.427 0.681847 0.54212 0.424359 1.04685
0.428 0.686013 0.539965 0.422 1.04601
0.429 0.69018 0.537818 0.419652 1.04518
0.43 0.694347 0.535677 0.417316 1.04435
0.431 0.698513 0.533544 0.41499 1.04351
0.432 0.70268 0.531417 0.412676 1.04268
0.433 0.706847 0.529296 0.410373 1.04185
0.434 0.711013 0.527183 0.40808 1.04101
0.435 0.71518 0.525076 0.405799 1.04018
0.436 0.719347 0.522976 0.403529 1.03935
0.437 0.723513 0.520883 0.40127 1.03851
0.438 0.72768 0.518797 0.399021 1.03768
0.439 0.731847 0.516717 0.396783 1.03685
0.44 0.736013 0.514644 0.394556 1.03601
0.441 0.74018 0.512577 0.39234 1.03518
0.442 0.744347 0.510517 0.390135 1.03435
0.443 0.748513 0.508464 0.38794 1.03351
0.444 0.75268 0.506417 0.385756 1.03268
0.445 0.756847 0.504377 0.383582 1.03185
0.446 0.761013 0.502344 0.381418 1.03101
0.447 0.76518 0.500317 0.379266 1.03018
0.448 0.769347 0.498297 0.377123 1.02935
0.449 0.773513 0.496283 0.374991 1.02851
0.45 0.77768 0.494276 0.37287 1.02768
0.451 0.781847 0.492275 0.370758 1.02685
0.452 0.786013 0.490281 0.368657 1.02601
0.453 0.79018 0.488293 0.366566 1.02518
0.454 0.794347 0.486312 0.364486 1.02435
0.455 0.798513 0.484337 0.362415 1.02351
0.456 0.80268 0.482368 0.360355 1.02268
0.457 0.806847 0.480406 0.358304 1.02185
0.458 0.811013 0.47845 0.356264 1.02101
0.459 0.81518 0.476501 0.354233 1.02018
0.46 0.819347 0.474558 0.352213 1.01935
0.461 0.823513 0.472621 0.350202 1.01851
0.462 0.82768 0.470691 0.348201 1.01768
0.463 0.831847 0.468767 0.34621 1.01685
0.464 0.836013 0.466849 0.344229 1.01601
0.465 0.84018 0.464938 0.342258 1.01518
0.466 0.844347 0.463033 0.340296 1.01435
0.467 0.848513 0.461134 0.338344 1.01351
0.468 0.85268 0.459241 0.336401 1.01268
0.469 0.856847 0.457355 0.334468 1.01185
0.47 0.861013 0.455475 0.332545 1.01101
0.471 0.86518 0.453601 0.330631 1.01018
0.472 0.869347 0.451733 0.328726 1.00935
0.473 0.873513 0.449871 0.326831 1.00851
0.474 0.87768 0.448015 0.324945 1.00768
0.475 0.881847 0.446166 0.323069 1.00685
0.476 0.886013 0.444323 0.321202 1.00601
0.477 0.89018 0.442485 0.319344 1.00518
0.478 0.894347 0.440654 0.317495 1.00435
0.479 0.898513 0.438829 0.315656 1.00351
0.48 0.90268 0.43701 0.313826 1.00268
0.481 0.906847 0.435197 0.312004 1.00185
0.482 0.911013 0.43339 0.310192 1.00101
0.483 0.91518 0.431589 0.308389 1.00018
0.484 0.919347 0.429794 0.306595 0.999347
0.485 0.923513 0.428005 0.30481 0.998513
0.486 0.927453 0.426319 0.30313 0.997725
0.487 0.927453 0.426319 0.30313 0.997725
0.488 0.927453 0.426319 0.30313 0.997725
0.489 0.927453 0.426319 0.30313 0.997725
0.49 0.927453 0.426319 0.30313 0.997725
0.491 0.927453 0.426319 0.30313 0.997725
0.492 0.927453 0.426319 0.30313 0.997725
0.493 0.927453 0.426319 0.30313 0.997725
0.494 0.927453 0.426319 0.30313 0.997725
0.495 0.927453 0.426319 0.30313 0.997725
0.496 0.927453 0.426319 0.30313 0.997725
0.497 0.927453 0.426319 0.30313 0.997725
0.498 0.927453 0.426319 0.30313 0.997725
0.499 0.927453 0.426319 0.30313 0.997725
0.5 0.927453 0.426319 0.30313 0.997725
0.501 0.927453 0.426319 0.30313 0.997725
0.502 0.927453 0.426319 0.30313 0.997725
0.503 0.927453 0.426319 0.30313 0.997725
0.504 0.927453 0.426319 0.30313 0.997725
0.505 0.927453 0.426319 0.30313 0.997725
0.506 0.927453 0.426319 0.30313 0.997725
0.507 0.927453 0.426319 0.30313 0.997725
0.508 0.927453 0.426319 0.30313 0.997725
0.509 0.927453 0.426319 0.30313 0.997725
0.51 0.927453 0.426319 0.30313 0.997725
0.511 0.927453 0.426319 0.30313 0.997725
0.512 0.927453 0.426319 0.30313 0.997725
0.513 0.927453 0.426319 0.30313 0.997725
0.514 0.927453 0.426319 0.30313 0.997725
0.515 0.927453 0.426319 0.30313 0.997725
0.516 0.927453 0.426319 0.30313 0.997725
0.517 0.927453 0.426319 0.30313 0.997725
0.518 0.927453 0.426319 0.30313 0.997725
0.519 0.927453 0.426319 0.30313 0.997725
0.52 0.927453 0.426319 0.30313 0.997725
0.521 0.927453 0.426319 0.30313 0.997725
0.522 0.927453 0.426319 0.30313 0.997725
0.523 0.927453 0.426319 0.30313 0.997725
0.524 0.927453 0.426319 0.30313 0.997725
0.525 0.927453 0.426319 0.30313 0.997725
0.526 0.927453 0.426319 0.30313 0.997725
0.527 0.927453 0.426319 0.30313 0.997725
0.528 0.927453 0.426319 0.30313 0.997725
0.529 0.927453 0.426319 0.30313 0.997725
0.53 0.927453 0.426319 0.30313 0.997725
0.531 0.927453 0.426319 0.30313 0.997725
0.532 0.927453 0.426319 0.30313 0.997725
0.533 0.927453 0.426319 0.30313 0.997725
0.534 0.927453 0.426319 0.30313 0.997725
0.535 0.927453 0.426319 0.30313 0.997725
0.536 0.927453 0.426319 0.30313 0.997725
0.537 0.927453 0.426319 0.30313 0.997725
0.538 0.927453 0.426319 0.30313 0.997725
0.539 0.927453 0.426319 0.30313 0.997725
0.54 0.927453 0.426319 0.30313 0.997725
0.541 0.927453 0.426319 0.30313 0.997725
0.542 0.927453 0.426319 0.30313 0.997725
0.543 0.927453 0.426319 0.30313 0.997725
0.544 0.927453 0.426319 0.30313 0.997725
0.545 0.927453 0.426319 0.30313 0.997725
0.546 0.927453 0.426319 0.30313 0.997725
0.547 0.927453 0.426319 0.30313 0.997725
0.548 0.927453 0.426319 0.30313 0.997725
0.549 0.927453 0.426319 0.30313 0.997725
0.55 0.927453 0.426319 0.30313 0.997725
0.551 0.927453 0.426319 0.30313 0.997725
0.552 0.927453 0.426319 0.30313 0.997725
0.553 0.927453 0.426319 0.30313 0.997725
0.554 0.927453 0.426319 0.30313 0.997725
0.555 0.927453 0.426319 0.30313 0.997725
0.556 0.927453 0.426319 0.30313 0.997725
0.557 0.927453 0.426319 0.30313 0.997725
0.558 0.927453 0.426319 0.30313 0.997725
0.559 0.927453 0.426319 0.30313 0.997725
0.56 0.927453 0.426319 0.30313 0.997725
0.561 0.927453 0.426319 0.30313 0.997725
0.562 0.927453 0.426319 0.30313 0.997725
0.563 0.927453 0.426319 0.30313 0.997725
0.564 0.927453 0.426319 0.30313 0.997725
0.565 0.927453 0.426319 0.30313 0.997725
0.566 0.927453 0.426319 0.30313 0.997725
0.567 0.927453 0.426319 0.30313 0.997725
0.568 0.927453 0.426319 0.30313 0.997725
0.569 0.927453 0.426319 0.30313 0.997725
0.57 0.927453 0.426319 0.30313 0.997725
0.571 0.927453 0.426319 0.30313 0.997725
0.572 0.927453 0.426319 0.30313 0.997725
0.573 0.927453 0.426319 0.30313 0.997725
0.574 0.927453 0.426319 0.30313 0.997725
0.575 0.927453 0.426319 0.30313 0.997725
0.576 0.927453 0.426319 0.30313 0.997725
0.577 0.927453 0.426319 0.30313 0.997725
0.578 0.927453 0.426319 0.30313 0.997725
0.579 0.927453 0.426319 0.30313 0.997725
0.58 0.927453 0.426319 0.30313 0.997725
0.581 0.927453 0.426319 0.30313 0.997725
0.582 0.927453 0.426319 0.30313 0.997725
0.583 0.927453 0.426319 0.30313 0.997725
0.584 0.927453 0.426319 0.30313 0.997725
0.585 0.927453 0.426319 0.30313 0.997725
0.586 0.927453 0.426319 0.30313 0.997725
0.587 0.927453 0.426319 0.30313 0.997725
0.588 0.927453 0.426319 0.30313 0.997725
0.589 0.927453 0.426319 0.30313 0.997725
0.59 0.927453 0.426319 0.30313 0.997725
0.591 0.927453 0.426319 0.30313 0.997725
0.592 0.927453 0.426319 0.30313 0.997725
0.593 0.927453 0.426319 0.30313 0.997725
0.594 0.927453 0.426319 0.30313 0.997725
0.595 0.927453 0.426319 0.30313 0.997725
0.596 0.927453 0.426319 0.30313 0.997725
0.597 0.927453 0.426319 0.30313 0.997725
0.598 0.927453 0.426319 0.30313 0.997725
0.599 0.927453 0.426319 0.30313 0.997725
0.6 0.927453 0.426319 0.30313 0.997725
0.601 0.927453 0.426319 0.30313 0.997725
0.602 0.927453 0.426319 0.30313 0.997725
0.603 0.927453 0.426319 0.30313 0.997725
0.604 0.927453 0.426319 0.30313 0.997725
0.605 0.927453 0.426319 0.30313 0.997725
0.606 0.927453 0.426319 0.30313 0.997725
0.607 0.927453 0.426319 0.30313 0.997725
0.608 0.927453 0.426319 0.30313 0.997725
0.609 0.927453 0.426319 0.30313 0.997725
0.61 0.927453 0.426319 0.30313 0.997725
0.611 0.927453 0.426319 0.30313 0.997725
0.612 0.927453 0.426319 0.30313 0.997725
0.613 0.927453 0.426319 0.30313 0.997725
0.614 0.927453 0.426319 0.30313 0.997725
0.615 0.927453 0.426319 0.30313 0.997725
0.616 0.927453 0.426319 0.30313 0.997725
0.617 0.927453 0.426319 0.30313 0.997725
0.618 0.927453 0.426319 0.30313 0.997725
0.619 0.927453 0.426319 0.30313 0.997725
0.62 0.927453 0.426319 0.30313 0.997725
0.621 0.927453 0.426319 0.30313 0.997725
0.622 0.927453 0.426319 0.30313 0.997725
0.623 0.927453 0.426319 0.30313 0.997725
0.624 0.927453 0.426319 0.30313 0.997725
0.625 0.927453 0.426319 0.30313 0.997725
0.626 0.927453 0.426319 0.30313 0.997725
0.627 0.927453 0.426319 0.30313 0.997725
0.628 0.927453 0.426319 0.30313 0.997725
0.629 0.927453 0.426319 0.30313 0.997725
0.63 0.927453 0.426319 0.30313 0.997725
0.631 0.927453 0.426319 0.30313 0.997725
0.632 0.927453 0.426319 0.30313 0.997725
0.633 0.927453 0.426319 0.30313 0.997725
0.634 0.927453 0.426319 0.30313 0.997725
0.635 0.927453 0.426319 0.30313 0.997725
0.636 0.927453 0.426319 0.30313 0.997725
0.637 0.927453 0.426319 0.30313 0.997725
0.638 0.927453 0.426319 0.30313 0.997725
0.639 0.927453 0.426319 0.30313 0.997725
0.64 0.927453 0.426319 0.30313 0.997725
0.641 0.927453 0.426319 0.30313 0.997725
0.642 0.927453 0.426319 0.30313 0.997725
0.643 0.927453 0.426319 0.30313 0.997725
0.644 0.927453 0.426319 0.30313 0.997725
0.645 0.927453 0.426319 0.30313 0.997725
0.646 0.927453 0.426319 0.30313 0.997725
0.647 0.927453 0.426319 0.30313 0.997725
0.648 0.927453 0.426319 0.30313 0.997725
0.649 0.927453 0.426319 0.30313 0.997725
0.65 0.927453 0.426319 0.30313 0.997725
0.651 0.927453 0.426319 0.30313 0.997725
0.652 0.927453 0.426319 0.30313 0.997725
0.653 0.927453 0.426319 0.30313 0.997725
0.654 0.927453 0.426319 0.30313 0.997725
0.655 0.927453 0.426319 0.30313 0.997725
0.656 0.927453 0.426319 0.30313 0.997725
0.657 0.927453 0.426319 0.30313 0.997725
0.658 0.927453 0.426319 0.30313 0.997725
0.659 0.927453 0.426319 0.30313 0.997725
0.66 0.927453 0.426319 0.30313 0.997725
0.661 0.927453 0.426319 0.30313 0.997725
0.662 0.927453 0.426319 0.30313 0.997725
0.663 0.927453 0.426319 0.30313 0.997725
0.664 0.927453 0.426319 0.30313 0.997725
0.665 0.927453 0.426319 0.30313 0.997725
0.666 0.927453 0.426319 0.30313 0.997725
0.667 0.927453 0.426319 0.30313 0.997725
0.668 0.927453 0.426319 0.30313 0.997725
0.669 0.927453 0.426319 0.30313 0.997725
0.67 0.927453 0.426319 0.30313 0.997725
0.671 0.927453 0.426319 0.30313 0.997725
0.672 0.927453 0.426319 0.30313 0.997725
0.673 0.927453 0.426319 0.30313 0.997725
0.674 0.927453 0.426319 0.30313 0.997725
0.675 0.927453 0.426319 0.30313 0.997725
0.676 0.927453 0.426319 0.30313 0.997725
0.677 0.927453 0.426319 0.30313 0.997725
0.678 0.927453 0.426319 0.30313 0.997725
0.679 0.927453 0.426319 0.30313 0.997725
0.68 0.927453 0.426319 0.30313 0.997725
0.681 0.927453 0.426319 0.30313 0.997725
0.682 0.927453 0.426319 0.30313 0.997725
0.683 0.927453 0.426319 0.30313 0.997725
0.684 0.927453 0.426319 0.30313 0.997725
0.685 0.927453 0.426319 0.30313 0.997725
0.686 0.927453 0.265574 0.30313 1.26411
0.687 0.927453 0.265574 0.30313 1.26411
0.688 0.927453 0.265574 0.30313 1.26411
0.689 0.927453 0.265574 0.30313 1.26411
0.69 0.927453 0.265574 0.30313 1.26411
0.691 0.927453 0.265574 0.30313 1.26411
0.692 0.927453 0.265574 0.30313 1.26411
0.693 0.927453 0.265574 0.30313 1.26411
0.694 0.927453 0.265574 0.30313 1.26411
0.695 0.927453 0.265574 0.30313 1.26411
0.696 0.927453 0.265574 0.30313 1.26411
0.697 0.927453 0.265574 0.30313 1.26411
0.698 0.927453 0.265574 0.30313 1.26411
0.699 0.927453 0.265574 0.30313 1.26411
0.7 0.927453 0.265574 0.30313 1.26411
0.701 0.927453 0.265574 0.30313 1.26411
0.702 0.927453 0.265574 0.30313 1.26411
0.703 0.927453 0.265574 0.30313 1.26411
0.704 0.927453 0.265574 0.30313 1.26411
0.705 0.927453 0.265574 0.30313 1.26411
0.706 0.927453 0.265574 0.30313 1.26411
0.707 0.927453 0.265574 0.30313 1.26411
0.708 0.927453 0.265574 0.30313 1.26411
0.709 0.927453 0.265574 0.30313 1.26411
0.71 0.927453 0.265574 0.30313 1.26411
0.711 0.927453 0.265574 0.30313 1.26411
0.712 0.927453 0.265574 0.30313 1.26411
0.713 0.927453 0.265574 0.30313 1.26411
0.714 0.927453 0.265574 0.30313 1.26411
0.715 0.927453 0.265574 0.30313 1.26411
0.716 0.927453 0.265574 0.30313 1.26411
0.717 0.927453 0.265574 0.30313 1.26411
0.718 0.927453 0.265574 0.30313 1.26411
0.719 0.927453 0.265574 0.30313 1.26411
0.72 0.927453 0.265574 0.30313 1.26411
0.721 0.927453 0.265574 0.30313 1.26411
0.722 0.927453 0.265574 0.30313 1.26411
0.723 0.927453 0.265574 0.30313 1.26411
0.724 0.927453 0.265574 0.30313 1.26411
0.725 0.927453 0.265574 0.30313 1.26411
0.726 0.927453 0.265574 0.30313 1.26411
0.727 0.927453 0.265574 0.30313 1.26411
0.728 0.927453 0.265574 0.30313 1.26411
0.729 0.927453 0.265574 0.30313 1.26411
0.73 0.927453 0.265574 0.30313 1.26411
0.731 0.927453 0.265574 0.30313 1.26411
0.732 0.927453 0.265574 0.30313 1.26411
0.733 0.927453 0.265574 0.30313 1.26411
0.734 0.927453 0.265574 0.30313 1.26411
0.735 0.927453 0.265574 0.30313 1.26411
0.736 0.927453 0.265574 0.30313 1.26411
0.737 0.927453 0.265574 0.30313 1.26411
0.738 0.927453 0.265574 0.30313 1.26411
0.739 0.927453 0.265574 0.30313 1.26411
0.74 0.927453 0.265574 0.30313 1.26411
0.741 0.927453 0.265574 0.30313 1.26411
0.742 0.927453 0.265574 0.30313 1.26411
0.743 0.927453 0.265574 0.30313 1.26411
0.744 0.927453 0.265574 0.30313 1.26411
0.745 0.927453 0.265574 0.30313 1.26411
0.746 0.927453 0.265574 0.30313 1.26411
0.747 0.927453 0.265574 0.30313 1.26411
0.748 0.927453 0.265574 0.30313 1.26411
0.749 0.927453 0.265574 0.30313 1.26411
0.75 0.927453 0.265574 0.30313 1.26411
0.751 0.927453 0.265574 0.30313 1.26411
0.752 0.927453 0.265574 0.30313 1.26411
0.753 0.927453 0.265574 0.30313 1.26411
0.754 0.927453 0.265574 0.30313 1.26411
0.755 0.927453 0.265574 0.30313 1.26411
0.756 0.927453 0.265574 0.30313 1.26411
0.757 0.927453 0.265574 0.30313 1.26411
0.758 0.927453 0.265574 0.30313 1.26411
0.759 0.927453 0.265574 0.30313 1.26411
0.76 0.927453 0.265574 0.30313 1.26411
0.761 0.927453 0.265574 0.30313 1.26411
0.762 0.927453 0.265574 0.30313 1.26411
0.763 0.927453 0.265574 0.30313 1.26411
0.764 0.927453 0.265574 0.30313 1.26411
0.765 0.927453 0.265574 0.30313 1.26411
0.766 0.927453 0.265574 0.30313 1.26411
0.767 0.927453 0.265574 0.30313 1.26411
0.768 0.927453 0.265574 0.30313 1.26411
0.769 0.927453 0.265574 0.30313 1.26411
0.77 0.927453 0.265574 0.30313 1.26411
0.771 0.927453 0.265574 0.30313 1.26411
0.772 0.927453 0.265574 0.30313 1.26411
0.773 0.927453 0.265574 0.30313 1.26411
0.774 0.927453 0.265574 0.30313 1.26411
0.775 0.927453 0.265574 0.30313 1.26411
0.776 0.927453 0.265574 0.30313 1.26411
0.777 0.927453 0.265574 0.30313 1.26411
0.778 0.927453 0.265574 0.30313 1.26411
0.779 0.927453 0.265574 0.30313 1.26411
0.78 0.927453 0.265574 0.30313 1.26411
0.781 0.927453 0.265574 0.30313 1.26411
0.782 0.927453 0.265574 0.30313 1.26411
0.783 0.927453 0.265574 0.30313 1.26411
0.784 0.927453 0.265574 0.30313 1.26411
0.785 0.927453 0.265574 0.30313 1.26411
0.786 0.927453 0.265574 0.30313 1.26411
0.787 0.927453 0.265574 0.30313 1.26411
0.788 0.927453 0.265574 0.30313 1.26411
0.789 0.927453 0.265574 0.30313 1.26411
0.79 0.927453 0.265574 0.30313 1.26411
0.791 0.927453 0.265574 0.30313 1.26411
0.792 0.927453 0.265574 0.30313 1.26411
0.793 0.927453 0.265574 0.30313 1.26411
0.794 0.927453 0.265574 0.30313 1.26411
0.795 0.927453 0.265574 0.30313 1.26411
0.796 0.927453 0.265574 0.30313 1.26411
0.797 0.927453 0.265574 0.30313 1.26411
0.798 0.927453 0.265574 0.30313 1.26411
0.799 0.927453 0.265574 0.30313 1.26411
0.8 0.927453 0.265574 0.30313 1.26411
0.801 0.927453 0.265574 0.30313 1.26411
0.802 0.927453 0.265574 0.30313 1.26411
0.803 0.927453 0.265574 0.30313 1.26411
0.804 0.927453 0.265574 0.30313 1.26411
0.805 0.927453 0.265574 0.30313 1.26411
0.806 0.927453 0.265574 0.30313 1.26411
0.807 0.927453 0.265574 0.30313 1.26411
0.808 0.927453 0.265574 0.30313 1.26411
0.809 0.927453 0.265574 0.30313 1.26411
0.81 0.927453 0.265574 0.30313 1.26411
0.811 0.927453 0.265574 0.30313 1.26411
0.812 0.927453 0.265574 0.30313 1.26411
0.813 0.927453 0.265574 0.30313 1.26411
0.814 0.927453 0.265574 0.30313 1.26411
0.815 0.927453 0.265574 0.30313 1.26411
0.816 0.927453 0.265574 0.30313 1.26411
0.817 0.927453 0.265574 0.30313 1.26411
0.818 0.927453 0.265574 0.30313 1.26411
0.819 0.927453 0.265574 0.30313 1.26411
0.82 0.927453 0.265574 0.30313 1.26411
0.821 0.927453 0.265574 0.30313 1.26411
0.822 0.927453 0.265574 0.30313 1.26411
0.823 0.927453 0.265574 0.30313 1.26411
0.824 0.927453 0.265574 0.30313 1.26411
0.825 0.927453 0.265574 0.30313 1.26411
0.826 0.927453 0.265574 0.30313 1.26411
0.827 0.927453 0.265574 0.30313 1.26411
0.828 0.927453 0.265574 0.30313 1.26411
0.829 0.927453 0.265574 0.30313 1.26411
0.83 0.927453 0.265574 0.30313 1.26411
0.831 0.927453 0.265574 0.30313 1.26411
0.832 0.927453 0.265574 0.30313 1.26411
0.833 0.927453 0.265574 0.30313 1.26411
0.834 0.927453 0.265574 0.30313 1.26411
0.835 0.927453 0.265574 0.30313 1.26411
0.836 0.927453 0.265574 0.30313 1.26411
0.837 0.927453 0.265574 0.30313 1.26411
0.838 0.927453 0.265574 0.30313 1.26411
0.839 0.927453 0.265574 0.30313 1.26411
0.84 0.927453 0.265574 0.30313 1.26411
0.841 0.927453 0.265574 0.30313 1.26411
0.842 0.927453 0.265574 0.30313 1.26411
0.843 0.927453 0.265574 0.30313 1.26411
0.844 0.927453 0.265574 0.30313 1.26411
0.845 0.927453 0.265574 0.30313 1.26411
0.846 0.927453 0.265574 0.30313 1.26411
0.847 0.927453 0.265574 0.30313 1.26411
0.848 0.927453 0.265574 0.30313 1.26411
0.849 0.927453 0.265574 0.30313 1.26411
0.85 0.927453 0.265574 0.30313 1.26411
0.851 0 0.125 0.1 1.0583
0.852 0 0.125 0.1 1.0583
0.853 0 0.125 0.1 1.0583
0.854 0 0.125 0.1 1.0583
0.855 0 0.125 0.1 1.0583
0.856 0 0.125 0.1 1.0583
0.857 0 0.125 0.1 1.0583
0.858 0 0.125 0.1 1.0583
0.859 0 0.125 0.1 1.0583
0.86 0 0.125 0.1 1.0583
0.861 0 0.125 0.1 1.0583
0.862 0 0.125 0.1 1.0583
0.863 0 0.125 0.1 1.0583
0.864 0 0.125 0.1 1.0583
0.865 0 0.125 0.1 1.0583
0.866 0 0.125 0.1 1.0583
0.867 0 0.125 0.1 1.0583
0.868 0 0.125 0.1 1.0583
0.869 0 0.125 0.1 1.0583
0.87 0 0.125 0.1 1.0583
0.871 0 0.125 0.1 1.0583
0.872 0 0.125 0.1 1.0583
0.873 0 0.125 0.1 1.0583
0.874 0 0.125 0.1 1.0583
0.875 0 0.125 0.1 1.0583
0.876 0 0.125 0.1 1.0583
0.877 0 0.125 0.1 1.0583
0.878 0 0.125 0.1 1.0583
0.879 0 0.125 0.1 1.0583
0.88 0 0.125 0.1 1.0583
0.881 0 0.125 0.1 1.0583
0.882 0 0.125 0.1 1.0583
0.883 0 0.125 0.1 1.0583
0.884 0 0.125 0.1 1.0583
0.885 0 0.125 0.1 1.0583
0.886 0 0.125 0.1 1.0583
0.887 0 0.125 0.1 1.0583
0.888 0 0.125 0.1 1.0583
0.889 0 0.125 0.1 1.0583
0.89 0 0.125 0.1 1.0583
0.891 0 0.125 0.1 1.0583
0.892 0 0.125 0.1 1.0583
0.893 0 0.125 0.1 1.0583
0.894 0 0.125 0.1 1.0583
0.895 0 0.125 0.1 1.0583
0.896 0 0.125 0.1 1.0583
0.897 0 0.125 0.1 1.0583
0.898 0 0.125 0.1 1.0583
0.899 0 0.125 0.1 1.0583
0.9 0 0.125 0.1 1.0583
0.901 0 0.125 0.1 1.0583
0.902 0 0.125 0.1 1.0583
0.903 0 0.125 0.1 1.0583
0.904 0 0.125 0.1 1.0583
0.905 0 0.125 0.1 1.0583
0.906 0 0.125 0.1 1.0583
0.907 0 0.125 0.1 1.0583
0.908 0 0.125 0.1 1.0583
0.909 0 0.125 0.1 1.0583
0.91 0 0.125 0.1 1.0583
0.911 0 0.125 0.1 1.0583
0.912 0 0.125 0.1 1.0583
0.913 0 0.125 0.1 1.0583
0.914 0 0.125 0.1 1.0583
0.915 0 0.125 0.1 1.0583
0.916 0 0.125 0.1 1.0583
0.917 0 0.125 0.1 1.0583
0.918 0 0.125 0.1 1.0583
0.919 0 0.125 0.1 1.0583
0.92 0 0.125 0.1 1.0583
0.921 0 0.125 0.1 1.0583
0.922 0 0.125 0.1 1.0583
0.923 0 0.125 0.1 1.0583
0.924 0 0.125 0.1 1.0583
0.925 0 0.125 0.1 1.0583
0.926 0 0.125 0.1 1.0583
0.927 0 0.125 0.1 1.0583
0.928 0 0.125 0.1 1.0583
0.929 0 0.125 0.1 1.0583
0.93 0 0.125 0.1 1.0583
0.931 0 0.125 0.1 1.0583
0.932 0 0.125 0.1 1.0583
0.933 0 0.125 0.1 1.0583
0.934 0 0.125 0.1 1.0583
0.935 0 0.125 0.1 1.0583
0.936 0 0.125 0.1 1.0583
0.937 0 0.125 0.1 1.0583
0.938 0 0.125 0.1 1.0583
0.939 0 0.125 0.1 1.0583
0.94 0 0.125 0.1 1.0583
0.941 0 0.125 0.1 1.0583
0.942 0 0.125 0.1 1.0583
0.943 0 0.125 0.1 1.0583
0.944 0 0.125 0.1 1.0583
0.945 0 0.125 0.1 1.0583
0.946 0 0.125 0.1 1.0583
0.947 0 0.125 0.1 1.0583
0.948 0 0.125 0.1 1.0583
0.949 0 0.125 0.1 1.0583
0.95 0 0.125 0.1 1.0583
0.951 0 0.125 0.1 1.0583
0.952 0 0.125 0.1 1.0583
0.953 0 0.125 0.1 1.0583
0.954 0 0.125 0.1 1.0583
0.955 0 0.125 0.1 1.0583
0.956 0 0.125 0.1 1.0583
0.957 0 0.125 0.1 1.0583
0.958 0 0.125 0.1 1.0583
0.959 0 0.125 0.1 1.0583
0.96 0 0.125 0.1 1.0583
0.961 0 0.125 0.1 1.0583
0.962 0 0.125 0.1 1.0583
0.963 0 0.125 0.1 1.0583
0.964 0 0.125 0.1 1.0583
0.965 0 0.125 0.1 1.0583
0.966 0 0.125 0.1 1.0583
0.967 0 0.125 0.1 1.0583
0.968 0 0.125 0.1 1.0583
0.969 0 0.125 0.1 1.0583
0.97 0 0.125 0.1 1.0583
0.971 0 0.125 0.1 1.0583
0.972 0 0.125 0.1 1.0583
0.973 0 0.125 0.1 1.0583
0.974 0 0.125 0.1 1.0583
0.975 0 0.125 0.1 1.0583
0.976 0 0.125 0.1 1.0583
0.977 0 0.125 0.1 1.0583
0.978 0 0.125 0.1 1.0583
0.979 0 0.125 0.1 1.0583
0.98 0 0.125 0.1 1.0583
0.981 0 0.125 0.1 1.0583
0.982 0 0.125 0.1 1.0583
0.983 0 0.125 0.1 1.0583
0.984 0 0.125 0.1 1.0583
0.985 0 0.125 0.1 1.0583
0.986 0 0.125 0.1 1.0583
0.987 0 0.125 0.1 1.0583
0.988 0 0.125 0.1 1.0583
0.989 0 0.125 0.1 1.0583
0.99 0 0.125 0.1 1.0583
0.991 0 0.125 0.1 1.0583
0.992 0 0.125 0.1 1.0583
0.993 0 0.125 0.1 1.0583
0.994 0 0.125 0.1 1.0583
0.995 0 0.125 0.1 1.0583
0.996 0 0.125 0.1 1.0583
0.997 0 0.125 0.1 1.0583
0.998 0 0.125 0.1 1.0583
0.999 0 0.125 0.1 1.0583
