-3.43341e-08 -0
-1.05411e-07 -0
-3.10596e-07 -0
-8.78241e-07 -0
-2.38284e-06 -0
-6.20285e-06 -0
-1.54898e-05 -0
-3.71022e-05 -0
-8.52269e-05 -0
-0.000187714 -0
-0.00039634 -0
-0.000802008 -0
-0.0015549 -0
-0.00288731 -0
-0.00513297 -0
-0.0087321 -0
-0.0142064 -0
-0.0220873 -0
-0.0327869 -0
-0.0464137 -0
-0.0625634 -0
-0.0801386 -0
-0.0972738 -0
-0.111441 -0
-0.119778 -0
-0.119618 -0
-0.109121 -0
-0.0878461 -0
-0.0570823 -2.22045e-16
-0.0198013 -0
0.0198013 -0
0.0570823 -0
0.0878461 -0
0.109121 -0
0.119618 -0
0.119778 -0
0.111441 -0
0.0972738 1.11022e-16
0.0801386 -0
0.0625634 -0
0.0464137 2.77556e-17
0.0327869 -0
0.0220873 -0
0.0142064 -0
0.0087321 -3.46945e-18
0.00513297 -0
0.00288731 -0
0.0015549 -8.67362e-19
0.000802008 -0
0.00039634 -2.1684e-19
0.000187714 -5.42101e-20
8.52269e-05 -2.71051e-20
3.71022e-05 -0
1.54898e-05 6.77626e-21
6.20285e-06 -1.69407e-21
2.38284e-06 8.47033e-22
8.78241e-07 -2.11758e-22
3.10596e-07 1.05879e-22
1.05411e-07 -2.64698e-23
4.95641e-08 6.61744e-24
-1 -0
-0 -0
-0 -0
-0 -0
-0 -0
-0 -0
-0 -0
-0 -0
-0 -0
-0 -0
-0 -0
-0 -0
-0 -0
-0 -0
-0 -0
-0 -0
-0 -0
-0 -0
-0 -0
1 -0
-0 -0
-0 -0
-0 -0
-0 -0
-0 -0
-0 -0
-0 -0
-0 -0
-0 -0
-0 -0
-0 -0
-0 -0
-0 -0
-0 -0
-0 -0
-0 -0
-0 -0
-0 -0
-0 -0
-0 -0
