0.005 0.000147321 2.76124e-08
0.015 0.000175254 8.80818e-08
0.025 0.000240147 2.69958e-07
0.035 0.000363982 7.94939e-07
0.045 0.000576147 2.24906e-06
0.055 0.000918968 6.11357e-06
0.065 0.00145401 1.59668e-05
0.075 0.00226956 4.00653e-05
0.085 0.00349137 9.65934e-05
0.095 0.00529467 0.000223746
0.105 0.00791919 0.000497955
0.115 0.011686 0.00106477
0.125 0.0170162 0.00218749
0.135 0.0244497 0.00431784
0.145 0.0346643 0.0081887
0.155 0.0484912 0.0149208
0.165 0.0669259 0.0261214
0.175 0.0911288 0.0439369
0.185 0.122412 0.0710054
0.195 0.16221 0.110251
0.205 0.212026 0.164474
0.215 0.273366 0.235746
0.225 0.347663 0.324652
0.235 0.436179 0.429557
0.245 0.539125 0.546074
0.255 0.631846 0.666977
0.265 0.69564 0.782705
0.275 0.733491 0.882497
0.285 0.751345 0.955997
0.295 0.756395 0.995012
0.305 0.755976 0.995012
0.315 0.75104 0.955997
0.325 0.738108 0.882497
0.335 0.713929 0.782705
0.345 0.675589 0.666977
0.355 0.621366 0.546074
0.365 0.550351 0.429557
0.375 0.463164 0.324652
0.385 0.361885 0.235746
0.395 0.267485 0.164474
0.405 0.194226 0.110251
0.415 0.138415 0.0710054
0.425 0.0965533 0.0439369
0.435 0.0659623 0.0261214
0.445 0.044567 0.0149208
0.455 0.030654 0.0081887
0.465 0.0226646 0.00431784
0.475 0.0190415 0.00218749
0.485 0.0181292 0.00106477
0.495 0.0183089 0.000497955
0.505 0.0196563 0.000223746
0.515 0.0231291 9.65934e-05
0.525 0.0298046 4.00653e-05
0.535 0.0409725 1.59668e-05
0.545 0.0580213 6.11357e-06
0.555 0.0826151 2.24906e-06
0.565 0.116547 7.94939e-07
0.575 0.16173 2.69958e-07
0.585 0.22006 8.80818e-08
0.595 0.293207 2.76124e-08
0.605 0.382403 0
0.615 0.488157 1
0.625 0.609988 1
0.635 0.72423 1
0.645 0.810864 1
0.655 0.872637 1
0.665 0.913651 1
0.675 0.938116 1
0.685 0.950257 1
0.695 0.954307 1
0.705 0.954497 1
0.715 0.952616 1
0.725 0.946621 1
0.735 0.934576 1
0.745 0.914203 1
0.755 0.88345 1
0.765 0.840259 1
0.775 0.782777 1
0.785 0.709519 1
0.795 0.61952 1
0.805 0.51266 0
0.815 0.390809 0
0.825 0.279945 0
0.835 0.195545 0
0.845 0.133556 0
0.855 0.0892583 0
0.865 0.058417 0
0.875 0.0374675 0
0.885 0.0235662 0
0.895 0.0145448 0
0.905 0.00881248 0
0.915 0.00524189 0
0.925 0.00305932 0
0.935 0.00174962 0
0.945 0.000979741 0
0.955 0.000540353 0
0.965 0.000302797 0
0.975 0.000188331 0
0.985 0.000146568 0
0.995 0.000140814 0
