0.005 1.28589e-08 2.76124e-08
0.015 4.57641e-08 8.80818e-08
0.025 1.65517e-07 2.69958e-07
0.035 5.76715e-07 7.94939e-07
0.045 1.93569e-06 2.24906e-06
0.055 6.38291e-06 6.11357e-06
0.065 2.09881e-05 1.59668e-05
0.075 6.37224e-05 4.00653e-05
0.085 0.000171941 9.65934e-05
0.095 0.000417865 0.000223746
0.105 0.000931657 0.000497955
0.115 0.0019341 0.00106477
0.125 0.00377838 0.00218749
0.135 0.00699896 0.00431784
0.145 0.0123595 0.0081887
0.155 0.0208895 0.0149208
0.165 0.0338971 0.0261214
0.175 0.0529498 0.0439369
0.185 0.0798146 0.0710054
0.195 0.116349 0.110251
0.205 0.164327 0.164474
0.215 0.225205 0.235746
0.225 0.299828 0.324652
0.235 0.388131 0.429557
0.245 0.488827 0.546074
0.255 0.598951 0.666977
0.265 0.712822 0.782705
0.275 0.819497 0.882497
0.285 0.894647 0.955997
0.295 0.905888 0.995012
0.305 0.904085 0.995012
0.315 0.892564 0.955997
0.325 0.86379 0.882497
0.335 0.814025 0.782705
0.345 0.743825 0.666977
0.355 0.656106 0.546074
0.365 0.555953 0.429557
0.375 0.449826 0.324652
0.385 0.344158 0.235746
0.395 0.244152 0.164474
0.405 0.153234 0.110251
0.415 0.0744764 0.0710054
0.425 0.0162242 0.0439369
0.435 4.5047e-07 0.0261214
0.445 4.52052e-07 0.0149208
0.455 4.66791e-07 0.0081887
0.465 5.37809e-07 0.00431784
0.475 8.24546e-07 0.00218749
0.485 1.94724e-06 0.00106477
0.495 6.25605e-06 0.000497955
0.505 2.27159e-05 0.000223746
0.515 8.53901e-05 9.65934e-05
0.525 0.000323443 4.00653e-05
0.535 0.00122758 1.59668e-05
0.545 0.00460633 6.11357e-06
0.555 0.0141649 2.24906e-06
0.565 0.0346529 7.94939e-07
0.575 0.0716381 2.69958e-07
0.585 0.130694 8.80818e-08
0.595 0.216186 2.76124e-08
0.605 0.32962 0
0.615 0.468316 1
0.625 0.624415 1
0.635 0.78389 1
0.645 0.923483 1
0.655 0.997002 1
0.665 0.999997 1
0.675 0.999997 1
0.685 0.999993 1
0.695 0.999978 1
0.705 0.999918 1
0.715 0.999688 1
0.725 0.998816 1
0.735 0.99554 1
0.745 0.98616 1
0.755 0.965903 1
0.765 0.929119 1
0.775 0.870119 1
0.785 0.784372 1
0.795 0.670283 1
0.805 0.530613 0
0.815 0.37349 0
0.825 0.213282 0
0.835 0.073685 0
0.845 0.00207629 0
0.855 1.66346e-15 0
0.865 1.824e-15 0
0.875 2.89508e-15 0
0.885 6.94654e-15 0
0.895 2.11243e-14 0
0.905 6.90463e-14 0
0.915 2.28664e-13 0
0.925 7.60457e-13 0
0.935 2.53486e-12 0
0.945 8.4762e-12 0
0.955 2.84531e-11 0
0.965 9.59234e-11 0
0.975 3.2494e-10 0
0.985 1.10721e-09 0
0.995 4.83175e-09 0
