0.005 0.0137743 2.76124e-08
0.015 0.013421 8.80818e-08
0.025 0.0134025 2.69958e-07
0.035 0.0135501 7.94939e-07
0.045 0.0140146 2.24906e-06
0.055 0.0149338 6.11357e-06
0.065 0.0164826 1.59668e-05
0.075 0.0188308 4.00653e-05
0.085 0.0221685 9.65934e-05
0.095 0.02669 0.000223746
0.105 0.0325976 0.000497955
0.115 0.0401067 0.00106477
0.125 0.049447 0.00218749
0.135 0.0608705 0.00431784
0.145 0.07465 0.0081887
0.155 0.0910799 0.0149208
0.165 0.110471 0.0261214
0.175 0.133142 0.0439369
0.185 0.159415 0.0710054
0.195 0.189599 0.110251
0.205 0.223981 0.164474
0.215 0.26282 0.235746
0.225 0.306343 0.324652
0.235 0.35475 0.429557
0.245 0.403236 0.546074
0.255 0.442426 0.666977
0.265 0.472007 0.782705
0.275 0.492805 0.882497
0.285 0.50608 0.955997
0.295 0.513371 0.995012
0.305 0.516397 0.995012
0.315 0.516981 0.955997
0.325 0.5166 0.882497
0.335 0.514844 0.782705
0.345 0.510877 0.666977
0.355 0.503777 0.546074
0.365 0.492745 0.429557
0.375 0.477053 0.324652
0.385 0.456056 0.235746
0.395 0.429281 0.164474
0.405 0.396396 0.110251
0.415 0.357276 0.0710054
0.425 0.312016 0.0439369
0.435 0.263806 0.0261214
0.445 0.224938 0.0149208
0.455 0.196239 0.0081887
0.465 0.176541 0.00431784
0.475 0.164269 0.00218749
0.485 0.157736 0.00106477
0.495 0.155177 0.000497955
0.505 0.15478 0.000223746
0.515 0.155266 9.65934e-05
0.525 0.15724 4.00653e-05
0.535 0.161497 1.59668e-05
0.545 0.168979 6.11357e-06
0.555 0.180498 2.24906e-06
0.565 0.196851 7.94939e-07
0.575 0.218784 2.69958e-07
0.585 0.246934 8.80818e-08
0.595 0.281869 2.76124e-08
0.605 0.324019 0
0.615 0.373688 1
0.625 0.431021 1
0.635 0.495987 1
0.645 0.565204 1
0.655 0.622712 1
0.665 0.666874 1
0.675 0.698836 1
0.685 0.720359 1
0.695 0.733379 1
0.705 0.739965 1
0.715 0.742257 1
0.725 0.742428 1
0.735 0.741618 1
0.745 0.738793 1
0.755 0.733063 1
0.765 0.723352 1
0.775 0.708763 1
0.785 0.688467 1
0.795 0.661741 1
0.805 0.628048 0
0.815 0.587005 0
0.825 0.538459 0
0.835 0.482485 0
0.845 0.41941 0
0.855 0.349841 0
0.865 0.283015 0
0.875 0.226872 0
0.885 0.180392 0
0.895 0.142239 0
0.905 0.111204 0
0.915 0.0862178 0
0.925 0.0663433 0
0.935 0.0507693 0
0.945 0.0387965 0
0.955 0.0298224 0
0.965 0.023325 0
0.975 0.0188452 0
0.985 0.0159851 0
0.995 0.0142971 0
