0.005 1.86124e-06 2.76124e-08
0.015 5.45884e-06 8.80818e-08
0.025 1.58189e-05 2.69958e-07
0.035 4.0755e-05 7.94939e-07
0.045 9.35226e-05 2.24906e-06
0.055 0.000195423 6.11357e-06
0.065 0.000379906 1.59668e-05
0.075 0.000698033 4.00653e-05
0.085 0.00122538 9.65934e-05
0.095 0.00207037 0.000223746
0.105 0.00338411 0.000497955
0.115 0.00537139 0.00106477
0.125 0.00830239 0.00218749
0.135 0.0125242 0.00431784
0.145 0.0184709 0.0081887
0.155 0.0266699 0.0149208
0.165 0.0377431 0.0261214
0.175 0.0523991 0.0439369
0.185 0.071416 0.0710054
0.195 0.0956145 0.110251
0.205 0.125822 0.164474
0.215 0.162824 0.235746
0.225 0.20728 0.324652
0.235 0.259619 0.429557
0.245 0.319894 0.546074
0.255 0.387647 0.666977
0.265 0.461802 0.782705
0.275 0.540479 0.882497
0.285 0.62047 0.955997
0.295 0.695714 0.995012
0.305 0.752386 0.995012
0.315 0.765015 0.955997
0.325 0.764718 0.882497
0.335 0.76206 0.782705
0.345 0.752256 0.666977
0.355 0.732278 0.546074
0.365 0.700246 0.429557
0.375 0.655866 0.324652
0.385 0.599081 0.235746
0.395 0.530735 0.164474
0.405 0.452361 0.110251
0.415 0.366209 0.0710054
0.425 0.275283 0.0439369
0.435 0.183637 0.0261214
0.445 0.0974564 0.0149208
0.455 0.0283292 0.0081887
0.465 0.00147666 0.00431784
0.475 0.00149359 0.00218749
0.485 0.00164645 0.00106477
0.495 0.002291 0.000497955
0.505 0.00383519 0.000223746
0.515 0.00670614 9.65934e-05
0.525 0.0113756 4.00653e-05
0.535 0.0184875 1.59668e-05
0.545 0.0288356 6.11357e-06
0.555 0.0433745 2.24906e-06
0.565 0.0631963 7.94939e-07
0.575 0.0894833 2.69958e-07
0.585 0.123434 8.80818e-08
0.595 0.166162 2.76124e-08
0.605 0.218572 0
0.615 0.281228 1
0.625 0.354225 1
0.635 0.437078 1
0.645 0.528618 1
0.655 0.626847 1
0.665 0.728589 1
0.675 0.828595 1
0.685 0.917186 1
0.695 0.972533 1
0.705 0.97866 1
0.715 0.978317 1
0.725 0.976044 1
0.735 0.969869 1
0.745 0.958311 1
0.755 0.940274 1
0.765 0.914746 1
0.775 0.880742 1
0.785 0.837433 1
0.795 0.784192 1
0.805 0.720705 0
0.815 0.647074 0
0.825 0.563916 0
0.835 0.472453 0
0.845 0.374611 0
0.855 0.273252 0
0.865 0.172784 0
0.875 0.0807878 0
0.885 0.0136161 0
0.895 3.15046e-11 0
0.905 3.24024e-11 0
0.915 4.06233e-11 0
0.925 7.89042e-11 0
0.935 2.26382e-10 0
0.945 7.7503e-10 0
0.955 2.77112e-09 0
0.965 1.00164e-08 0
0.975 3.67585e-08 0
0.985 1.37251e-07 0
0.995 7.87773e-07 0
